Bruker BioSpin GmbH: the minispec
DataType=5
DataLimits=0.03778,6.99928,4096
DataUnit=Time/ms,Intensity/%
c:\program files\bruker the minispec\application pool demo\fid.app
28.09.2024 12:05:48

0.03778	141.4163614
0.03948	141.4163614
0.04118	141.4163614
0.04288	141.4163614
0.04458	141.4163614
0.04628	141.4163614
0.04798	141.4163614
0.04968	141.4163614
0.05138	141.4163614
0.05308	141.4163614
0.05478	141.4163614
0.05648	141.4163614
0.05818	141.4163614
0.05988	141.4163614
0.06158	141.4163614
0.06328	141.4163614
0.06498	141.4163614
0.06668	141.4163614
0.06838	141.4163614
0.07008	141.4163614
0.07178	141.4163614
0.07348	141.4163614
0.07518	141.4163614
0.07688	141.4163614
0.07858	141.4163614
0.08028	141.4163614
0.08198	141.4163614
0.08368	141.4163614
0.08538	141.4163614
0.08708	141.4163614
0.08878	141.4163614
0.09048	141.4163614
0.09218	141.4163614
0.09388	141.4163614
0.09558	141.4163614
0.09728	141.4163614
0.09898	141.4163614
0.10068	141.4163614
0.10238	141.4163614
0.10408	141.4163614
0.10578	141.4163614
0.10748	141.4163614
0.10918	141.4163614
0.11088	141.4163614
0.11258	141.4163614
0.11428	141.4163614
0.11598	141.4163614
0.11768	141.4163614
0.11938	141.4163614
0.12108	141.4163614
0.12278	141.4163614
0.12448	141.4163614
0.12618	141.4163614
0.12788	141.4163614
0.12958	141.4163614
0.13128	141.4163614
0.13298	141.4163614
0.13468	141.4163614
0.13638	141.4163614
0.13808	141.4163614
0.13978	141.4163614
0.14148	141.4163614
0.14318	141.4163614
0.14488	141.4163614
0.14658	141.4163614
0.14828	141.4163614
0.14998	141.4163614
0.15168	141.4163614
0.15338	141.4163614
0.15508	141.4163614
0.15678	141.4163614
0.15848	141.4163614
0.16018	141.4163614
0.16188	141.4163614
0.16358	141.4163614
0.16528	141.4163614
0.16698	141.4163614
0.16868	141.4163614
0.17038	141.4163614
0.17208	141.4163614
0.17378	141.4163614
0.17548	141.4163614
0.17718	141.4163614
0.17888	141.4163614
0.18058	141.4163614
0.18228	141.4163614
0.18398	141.4163614
0.18568	141.4163614
0.18738	141.4163614
0.18908	141.4163614
0.19078	141.4163614
0.19248	141.4163614
0.19418	141.4163614
0.19588	141.4163614
0.19758	141.4163614
0.19928	141.4163614
0.20098	141.4163614
0.20268	141.4163614
0.20438	141.4163614
0.20608	141.4163614
0.20778	141.4163614
0.20948	141.4163614
0.21118	141.4163614
0.21288	141.4163614
0.21458	141.4163614
0.21628	141.4163614
0.21798	141.4163614
0.21968	141.4163614
0.22138	141.4163614
0.22308	141.4163614
0.22478	141.4163614
0.22648	141.4163614
0.22818	141.4163614
0.22988	141.4163614
0.23158	141.4163614
0.23328	141.4163614
0.23498	141.4163614
0.23668	141.4163614
0.23838	141.4163614
0.24008	141.4163614
0.24178	141.4163614
0.24348	141.4163614
0.24518	141.4163614
0.24688	141.4163614
0.24858	141.4163614
0.25028	141.4163614
0.25198	141.4163614
0.25368	141.4163614
0.25538	141.4163614
0.25708	141.4163614
0.25878	141.4163614
0.26048	141.4163614
0.26218	141.4163614
0.26388	141.4163614
0.26558	141.4163614
0.26728	141.4163614
0.26898	141.4163614
0.27068	141.4163614
0.27238	141.4163614
0.27408	141.4163614
0.27578	141.4163614
0.27748	141.4163614
0.27918	141.4163614
0.28088	141.4163614
0.28258	141.4163614
0.28428	141.4163614
0.28598	141.4163614
0.28768	141.4163614
0.28938	141.4163614
0.29108	141.4163614
0.29278	141.4163614
0.29448	141.4163614
0.29618	141.4163614
0.29788	141.4163614
0.29958	141.4163614
0.30128	141.4163614
0.30298	141.4163614
0.30468	141.4163614
0.30638	141.4163614
0.30808	141.4163614
0.30978	141.4163614
0.31148	141.4163614
0.31318	141.4163614
0.31488	141.4163614
0.31658	141.4163614
0.31828	141.4163614
0.31998	141.4163614
0.32168	141.4163614
0.32338	141.4163614
0.32508	141.4163614
0.32678	141.4163614
0.32848	141.4163614
0.33018	141.4163614
0.33188	141.4163614
0.33358	141.4163614
0.33528	141.4163614
0.33698	141.4163614
0.33868	141.4163614
0.34038	141.4163614
0.34208	141.4163614
0.34378	141.4163614
0.34548	141.4163614
0.34718	141.4163614
0.34888	141.4163614
0.35058	141.4163614
0.35228	141.4163614
0.35398	141.4163614
0.35568	141.4163614
0.35738	141.4163614
0.35908	141.4163614
0.36078	141.4163614
0.36248	141.4163614
0.36418	141.4163614
0.36588	141.4163614
0.36758	141.4163614
0.36928	141.4163614
0.37098	141.4163614
0.37268	141.4163614
0.37438	141.4163614
0.37608	141.4163614
0.37778	141.4163614
0.37948	141.4163614
0.38118	141.4163614
0.38288	141.4163614
0.38458	141.4163614
0.38628	141.4163614
0.38798	141.4163614
0.38968	141.4163614
0.39138	141.4163614
0.39308	141.4163614
0.39478	141.4163614
0.39648	141.4163614
0.39818	141.4163614
0.39988	141.4163614
0.40158	141.4163614
0.40328	141.4163614
0.40498	141.4163614
0.40668	141.4163614
0.40838	141.4163614
0.41008	141.4163614
0.41178	141.4163614
0.41348	141.4163614
0.41518	141.4163614
0.41688	141.4163614
0.41858	141.4163614
0.42028	141.4163614
0.42198	141.4163614
0.42368	141.4163614
0.42538	141.4163614
0.42708	141.4163614
0.42878	141.4163614
0.43048	141.4163614
0.43218	141.4163614
0.43388	141.4163614
0.43558	141.4163614
0.43728	141.4163614
0.43898	141.4163614
0.44068	141.4163614
0.44238	141.4163614
0.44408	141.4163614
0.44578	141.4163614
0.44748	141.4163614
0.44918	141.4163614
0.45088	141.4163614
0.45258	141.4163614
0.45428	141.4163614
0.45598	141.4163614
0.45768	141.4163614
0.45938	141.4163614
0.46108	141.4163614
0.46278	141.4163614
0.46448	141.4163614
0.46618	141.4163614
0.46788	141.4163614
0.46958	141.4163614
0.47128	141.4163614
0.47298	141.4163614
0.47468	141.4163614
0.47638	141.4163614
0.47808	141.4163614
0.47978	141.4163614
0.48148	141.4163614
0.48318	141.4163614
0.48488	141.4163614
0.48658	141.4163614
0.48828	141.4163614
0.48998	141.4163614
0.49168	141.4163614
0.49338	141.4163614
0.49508	141.4163614
0.49678	141.4163614
0.49848	141.4163614
0.50018	141.4163614
0.50188	141.4163614
0.50358	141.4163614
0.50528	141.4163614
0.50698	141.4163614
0.50868	141.4163614
0.51038	141.4163614
0.51208	141.4163614
0.51378	141.4163614
0.51548	141.4163614
0.51718	141.4163614
0.51888	141.4163614
0.52058	141.4163614
0.52228	141.4163614
0.52398	141.4163614
0.52568	141.4163614
0.52738	141.4163614
0.52908	141.4163614
0.53078	141.4163614
0.53248	141.4163614
0.53418	141.4163614
0.53588	141.4163614
0.53758	141.4163614
0.53928	141.4163614
0.54098	141.4163614
0.54268	141.4163614
0.54438	141.4163614
0.54608	141.4163614
0.54778	141.4163614
0.54948	141.4163614
0.55118	141.4163614
0.55288	141.4163614
0.55458	141.4163614
0.55628	141.4163614
0.55798	141.4163614
0.55968	141.4163614
0.56138	141.4163614
0.56308	141.4163614
0.56478	141.4163614
0.56648	141.4163614
0.56818	141.4163614
0.56988	141.4163614
0.57158	141.3919414
0.57328	141.001221
0.57498	140.3663004
0.57668	139.8046398
0.57838	139.6825397
0.58008	139.023199
0.58178	138.8034188
0.58348	138.3882784
0.58518	137.6556777
0.58688	137.4603175
0.58858	137.1672772
0.59028	136.6300366
0.59198	136.1416361
0.59368	135.7997558
0.59538	135.1892552
0.59708	134.9450549
0.59878	134.4566545
0.60048	134.017094
0.60218	133.7240537
0.60388	133.3333333
0.60558	133.0647131
0.60728	132.5518926
0.60898	132.1367521
0.61068	131.5750916
0.61238	131.3797314
0.61408	130.964591
0.61578	130.5494505
0.61748	130.3052503
0.61918	129.7191697
0.62088	129.3040293
0.62258	129.0598291
0.62428	128.7912088
0.62598	128.4737485
0.62768	128.034188
0.62938	127.5213675
0.63108	127.3748474
0.63278	126.9352869
0.63448	126.5445665
0.63618	126.007326
0.63788	125.6654457
0.63958	125.3235653
0.64128	125.1282051
0.64298	124.7130647
0.64468	124.3711844
0.64638	124.1025641
0.64808	123.6385836
0.64978	123.4920635
0.65148	122.979243
0.65318	122.6862027
0.65488	122.5152625
0.65658	121.953602
0.65828	121.7582418
0.65998	121.3675214
0.66168	121.025641
0.66338	120.6105006
0.66508	120.2442002
0.66678	120.2442002
0.66848	119.7802198
0.67018	119.5604396
0.67188	119.2673993
0.67358	119.0964591
0.67528	118.6568987
0.67698	118.2905983
0.67868	118.0952381
0.68038	117.6312576
0.68208	117.3137973
0.68378	116.971917
0.68548	116.8986569
0.68718	116.4590965
0.68888	116.2881563
0.69058	116.043956
0.69228	115.5799756
0.69398	115.5311355
0.69568	115.1404151
0.69738	115.018315
0.69908	114.8229548
0.70078	114.3345543
0.70248	114.0903541
0.70418	113.968254
0.70588	113.6996337
0.70758	113.4310134
0.70928	113.2112332
0.71098	112.8937729
0.71268	112.6495726
0.71438	112.5518926
0.71608	112.1367521
0.71778	111.965812
0.71948	111.8192918
0.72118	111.5018315
0.72288	111.4529915
0.72458	111.1599512
0.72628	111.1355311
0.72798	110.7692308
0.72968	110.4273504
0.73138	110.3296703
0.73308	110.0610501
0.73478	109.96337
0.73648	109.4993895
0.73818	109.4017094
0.73988	109.2307692
0.74158	109.035409
0.74328	108.9133089
0.74498	108.8156288
0.74668	108.3760684
0.74838	108.3028083
0.75008	108.1318681
0.75178	107.9120879
0.75348	107.6678877
0.75518	107.5946276
0.75688	107.3504274
0.75858	107.2283272
0.76028	107.1306471
0.76198	106.7887668
0.76368	106.7399267
0.76538	106.5689866
0.76708	106.4224664
0.76878	106.2271062
0.77048	106.1782662
0.77218	106.0561661
0.77388	105.8608059
0.77558	105.6898657
0.77728	105.4945055
0.77898	105.3235653
0.78068	105.1770452
0.78238	104.9328449
0.78408	104.8107448
0.78578	104.7619048
0.78748	104.6886447
0.78918	104.4688645
0.79088	104.4444444
0.79258	104.2735043
0.79428	104.1514042
0.79598	104.004884
0.79768	103.9072039
0.79938	103.8339438
0.80108	103.6141636
0.80278	103.5409035
0.80448	103.5164835
0.80618	103.4920635
0.80788	103.2722833
0.80958	103.1990232
0.81128	103.1257631
0.81298	102.954823
0.81468	102.8571429
0.81638	102.7106227
0.81808	102.6129426
0.81978	102.5885226
0.82148	102.4175824
0.82318	102.3931624
0.82488	102.3199023
0.82658	102.2466422
0.82828	102.1001221
0.82998	102.0757021
0.83168	101.978022
0.83338	101.8803419
0.83508	101.8070818
0.83678	101.7582418
0.83848	101.6605617
0.84018	101.5873016
0.84188	101.4652015
0.84358	101.4652015
0.84528	101.3675214
0.84698	101.3431013
0.84868	101.2698413
0.85038	101.2454212
0.85208	101.2454212
0.85378	101.1721612
0.85548	101.0744811
0.85718	101.001221
0.85888	100.952381
0.86058	100.8791209
0.86228	100.8547009
0.86398	100.7814408
0.86568	100.8058608
0.86738	100.6593407
0.86908	100.6349206
0.87078	100.6349206
0.87248	100.3663004
0.87418	100.0976801
0.87588	99.82905983
0.87758	99.63369963
0.87928	99.53601954
0.88098	99.65811966
0.88268	99.41391941
0.88438	98.92551893
0.88608	98.60805861
0.88778	98.04639805
0.88948	98.21733822
0.89118	97.43589744
0.89288	97.53357753
0.89458	97.09401709
0.89628	96.94749695
0.89798	96.65445665
0.89968	96.43467643
0.90138	96.50793651
0.90308	95.53113553
0.90478	95.38461538
0.90648	95.48229548
0.90818	95.31135531
0.90988	94.72527473
0.91158	93.82173382
0.91328	94.18803419
0.91498	93.55311355
0.91668	93.55311355
0.91838	93.23565324
0.92008	93.23565324
0.92178	93.35775336
0.92348	92.6984127
0.92518	92.45421245
0.92688	92.23443223
0.92858	91.62393162
0.93028	91.11111111
0.93198	91.4041514
0.93368	91.08669109
0.93538	90.81807082
0.93708	90.76923077
0.93878	89.5970696
0.94048	90.06105006
0.94218	89.96336996
0.94388	89.05982906
0.94558	89.23076923
0.94728	89.13308913
0.94898	88.74236874
0.95068	88.15628816
0.95238	88.10744811
0.95408	87.42368742
0.95578	87.71672772
0.95748	87.32600733
0.95918	87.15506716
0.96088	86.78876679
0.96258	86.78876679
0.96428	86.44688645
0.96598	86.25152625
0.96768	85.81196581
0.96938	85.37240537
0.97108	84.90842491
0.97278	84.85958486
0.97448	84.83516484
0.97618	84.42002442
0.97788	84.24908425
0.97958	83.90720391
0.98128	83.63858364
0.98298	83.88278388
0.98468	83.61416361
0.98638	82.95482295
0.98808	83.17460317
0.98978	82.85714286
0.99148	81.9047619
0.99318	81.85592186
0.99488	81.75824176
0.99658	81.68498168
0.99828	81.36752137
0.99998	81.34310134
1.00168	80.63492063
1.00338	80.53724054
1.00508	80.63492063
1.00678	80.0976801
1.00848	80.21978022
1.01018	79.56043956
1.01188	79.12087912
1.01358	79.0964591
1.01528	78.87667888
1.01698	78.75457875
1.01868	78.46153846
1.02038	78.11965812
1.02208	77.92429792
1.02378	77.82661783
1.02548	77.77777778
1.02718	77.46031746
1.02888	77.14285714
1.03058	76.60561661
1.03228	76.41025641
1.03398	76.50793651
1.03568	76.04395604
1.03738	75.75091575
1.03908	75.75091575
1.04078	75.40903541
1.04248	75.57997558
1.04418	74.96947497
1.04588	74.96947497
1.04758	74.52991453
1.04928	74.26129426
1.05098	73.74847375
1.05268	73.38217338
1.05438	73.30891331
1.05608	73.01587302
1.05778	72.82051282
1.05948	72.82051282
1.06118	72.72283272
1.06288	71.94139194
1.06458	72.16117216
1.06628	71.5018315
1.06798	71.89255189
1.06968	71.47741148
1.07138	70.76923077
1.07308	70.81807082
1.07478	70.5982906
1.07648	70.20757021
1.07818	69.96336996
1.07988	69.89010989
1.08158	69.76800977
1.08328	69.4993895
1.08498	69.01098901
1.08668	69.08424908
1.08838	68.79120879
1.09008	68.03418803
1.09178	67.83882784
1.09348	67.93650794
1.09518	67.3015873
1.09688	67.10622711
1.09858	67.08180708
1.10028	67.61904762
1.10198	67.00854701
1.10368	66.95970696
1.10538	66.25152625
1.10708	65.71428571
1.10878	65.98290598
1.11048	65.32356532
1.11218	65.07936508
1.11388	65.27472527
1.11558	65.12820513
1.11728	64.73748474
1.11898	64.61538462
1.12068	64.37118437
1.12238	63.78510379
1.12408	63.76068376
1.12578	63.51648352
1.12748	62.95482295
1.12918	63.12576313
1.13088	62.63736264
1.13258	61.92918193
1.13428	62.31990232
1.13598	62.07570208
1.13768	61.75824176
1.13938	61.68498168
1.14108	61.48962149
1.14278	61.31868132
1.14448	61.17216117
1.14618	60.73260073
1.14788	60.56166056
1.14958	60.43956044
1.15128	59.95115995
1.15298	60.0976801
1.15468	59.65811966
1.15638	59.73137973
1.15808	59.56043956
1.15978	59.12087912
1.16148	58.87667888
1.16318	59.0964591
1.16488	58.24175824
1.16658	58.19291819
1.16828	57.97313797
1.16998	57.7045177
1.17168	57.24053724
1.17338	57.09401709
1.17508	56.92307692
1.17678	56.7032967
1.17848	56.75213675
1.18018	56.77655678
1.18188	56.36141636
1.18358	55.82417582
1.18528	55.53113553
1.18698	55.7020757
1.18868	55.28693529
1.19038	54.77411477
1.19208	54.92063492
1.19378	54.35897436
1.19548	54.50549451
1.19718	54.11477411
1.19888	53.6996337
1.20058	53.77289377
1.20228	53.55311355
1.20398	53.30891331
1.20568	52.7960928
1.20738	52.67399267
1.20908	52.62515263
1.21078	52.47863248
1.21248	52.30769231
1.21418	51.91697192
1.21588	52.01465201
1.21758	51.20879121
1.21928	51.18437118
1.22098	51.57509158
1.22268	51.13553114
1.22438	51.13553114
1.22608	50.6959707
1.22778	50.54945055
1.22948	49.79242979
1.23118	49.81684982
1.23288	49.57264957
1.23458	49.32844933
1.23628	49.52380952
1.23798	49.4017094
1.23968	49.15750916
1.24138	48.47374847
1.24308	48.4981685
1.24478	48.13186813
1.24648	47.91208791
1.24818	47.81440781
1.24988	47.76556777
1.25158	47.25274725
1.25328	47.10622711
1.25498	46.88644689
1.25668	46.88644689
1.25838	46.52014652
1.26008	46.52014652
1.26178	46.3003663
1.26348	45.71428571
1.26518	45.88522589
1.26688	45.32356532
1.26858	45.54334554
1.27028	44.98168498
1.27198	45.2991453
1.27368	44.90842491
1.27538	44.66422466
1.27708	44.42002442
1.27878	44.07814408
1.28048	44.37118437
1.28218	43.88278388
1.28388	44.02930403
1.28558	43.41880342
1.28728	43.27228327
1.28898	42.93040293
1.29068	42.61294261
1.29238	42.97924298
1.29408	42.68620269
1.29578	42.39316239
1.29748	42.1978022
1.29918	42.02686203
1.30088	42.24664225
1.30258	41.73382173
1.30428	41.26984127
1.30598	41.02564103
1.30768	41.001221
1.30938	40.80586081
1.31108	40.29304029
1.31278	40.26862027
1.31448	40.04884005
1.31618	40.39072039
1.31788	39.92673993
1.31958	39.92673993
1.32128	39.78021978
1.32298	39.43833944
1.32468	39.19413919
1.32638	39.19413919
1.32808	38.63247863
1.32978	38.24175824
1.33148	38.38827839
1.33318	38.16849817
1.33488	38.07081807
1.33658	38.02197802
1.33828	37.87545788
1.33998	37.8021978
1.34168	37.46031746
1.34338	36.94749695
1.34508	37.06959707
1.34678	37.02075702
1.34848	36.65445665
1.35018	36.21489621
1.35188	35.995116
1.35358	36.14163614
1.35528	35.97069597
1.35698	36.04395604
1.35868	35.33577534
1.36038	35.23809524
1.36208	35.67765568
1.36378	35.23809524
1.36548	34.7008547
1.36718	34.74969475
1.36888	34.57875458
1.37058	34.45665446
1.37228	34.31013431
1.37398	33.94383394
1.37568	34.11477411
1.37738	33.96825397
1.37908	33.62637363
1.38078	33.52869353
1.38248	33.26007326
1.38418	33.18681319
1.38588	33.23565324
1.38758	33.11355311
1.38928	32.62515263
1.39098	32.47863248
1.39268	32.40537241
1.39438	32.21001221
1.39608	32.25885226
1.39778	32.06349206
1.39948	31.77045177
1.40118	31.91697192
1.40288	31.5018315
1.40458	31.77045177
1.40628	31.15995116
1.40798	30.96459096
1.40968	30.57387057
1.41138	30.72039072
1.41308	30.54945055
1.41478	30.37851038
1.41648	30.45177045
1.41818	30.52503053
1.41988	30.06105006
1.42158	30.20757021
1.42328	30.18315018
1.42498	29.64590965
1.42668	29.5970696
1.42838	29.4017094
1.43008	29.37728938
1.43178	28.81562882
1.43348	29.03540904
1.43518	28.96214896
1.43688	28.69352869
1.43858	28.47374847
1.44028	28.44932845
1.44198	28.74236874
1.44368	28.08302808
1.44538	28.13186813
1.44708	27.98534799
1.44878	27.66788767
1.45048	27.52136752
1.45218	27.61904762
1.45388	27.27716728
1.45558	27.4969475
1.45728	27.13064713
1.45898	26.66666667
1.46068	26.88644689
1.46238	26.71550672
1.46408	26.69108669
1.46578	26.2026862
1.46748	26.12942613
1.46918	26.54456654
1.47088	26.00732601
1.47258	26.25152625
1.47428	25.90964591
1.47598	26.05616606
1.47768	25.71428571
1.47938	25.34798535
1.48108	25.88522589
1.48278	25.54334554
1.48448	25.07936508
1.48618	25.03052503
1.48788	25.15262515
1.48958	24.44444444
1.49128	24.51770452
1.49298	24.59096459
1.49468	24.2979243
1.49638	25.05494505
1.49808	23.95604396
1.49978	24.07814408
1.50148	24.17582418
1.50318	24.2979243
1.50488	23.58974359
1.50658	23.68742369
1.50828	23.71184371
1.50998	23.41880342
1.51168	23.61416361
1.51338	23.1990232
1.51508	23.24786325
1.51678	22.90598291
1.51848	23.02808303
1.52018	23.34554335
1.52188	22.88156288
1.52358	23.1990232
1.52528	22.41758242
1.52698	22.73504274
1.52868	22.46642247
1.53038	22.1978022
1.53208	22.53968254
1.53378	22.002442
1.53548	22.22222222
1.53718	21.97802198
1.53888	22.07570208
1.54058	22.002442
1.54228	21.58730159
1.54398	21.48962149
1.54568	21.39194139
1.54738	21.17216117
1.54908	21.26984127
1.55078	21.0989011
1.55248	20.83028083
1.55418	20.9035409
1.55588	21.05006105
1.55758	20.92796093
1.55928	20.73260073
1.56098	20.9035409
1.56268	20.68376068
1.56438	20.85470085
1.56608	20.17094017
1.56778	20.34188034
1.56948	20.26862027
1.57118	20.17094017
1.57288	20.31746032
1.57458	20.29304029
1.57628	20.51282051
1.57798	19.78021978
1.57968	19.65811966
1.58138	20.02442002
1.58308	20.02442002
1.58478	19.38949939
1.58648	19.36507937
1.58818	19.21855922
1.58988	19.41391941
1.59158	18.87667888
1.59328	19.24297924
1.59498	19.07203907
1.59668	19.24297924
1.59838	18.87667888
1.60008	18.92551893
1.60178	18.8034188
1.60348	19.16971917
1.60518	18.60805861
1.60688	18.70573871
1.60858	18.48595849
1.61028	18.43711844
1.61198	18.77899878
1.61368	18.16849817
1.61538	18.43711844
1.61708	18.33943834
1.61878	18.14407814
1.62048	18.0952381
1.62218	17.997558
1.62388	17.94871795
1.62558	17.82661783
1.62728	18.04639805
1.62898	18.02197802
1.63068	18.04639805
1.63238	17.55799756
1.63408	17.68009768
1.63578	18.02197802
1.63748	17.8998779
1.63918	17.68009768
1.64088	17.41147741
1.64258	17.06959707
1.64428	17.7045177
1.64598	16.82539683
1.64768	16.996337
1.64938	16.53235653
1.65108	17.38705739
1.65278	17.06959707
1.65448	17.09401709
1.65618	17.09401709
1.65788	16.87423687
1.65958	16.67887668
1.66128	16.55677656
1.66298	16.8009768
1.66468	16.53235653
1.66638	16.60561661
1.66808	16.38583639
1.66978	16.45909646
1.67148	16.50793651
1.67318	16.45909646
1.67488	16.7032967
1.67658	16.26373626
1.67828	16.23931624
1.67998	16.45909646
1.68168	16.14163614
1.68338	16.11721612
1.68508	16.01953602
1.68678	16.14163614
1.68848	16.06837607
1.69018	16.26373626
1.69188	15.6043956
1.69358	15.7020757
1.69528	15.8974359
1.69698	15.995116
1.69868	15.6043956
1.70038	15.65323565
1.70208	15.995116
1.70378	15.72649573
1.70548	15.04273504
1.70718	15.18925519
1.70888	15.36019536
1.71058	15.43345543
1.71228	15.40903541
1.71398	14.92063492
1.71568	15.7020757
1.71738	14.87179487
1.71908	15.18925519
1.72078	14.8962149
1.72248	14.92063492
1.72418	14.92063492
1.72588	14.57875458
1.72758	14.82295482
1.72928	14.65201465
1.73098	14.82295482
1.73268	14.6031746
1.73438	14.26129426
1.73608	14.7985348
1.73778	14.77411477
1.73948	15.26251526
1.74118	14.62759463
1.74288	14.52991453
1.74458	14.43223443
1.74628	14.16361416
1.74798	14.40781441
1.74968	14.57875458
1.75138	14.18803419
1.75308	14.21245421
1.75478	14.40781441
1.75648	14.26129426
1.75818	14.28571429
1.75988	13.96825397
1.76158	14.06593407
1.76328	14.50549451
1.76498	14.11477411
1.76668	14.16361416
1.76838	13.94383394
1.77008	14.16361416
1.77178	13.94383394
1.77348	13.91941392
1.77518	13.96825397
1.77688	13.99267399
1.77858	13.96825397
1.78028	13.7973138
1.78198	13.7973138
1.78368	13.72405372
1.78538	13.40659341
1.78708	13.33333333
1.78878	13.35775336
1.79048	13.47985348
1.79218	13.43101343
1.79388	13.45543346
1.79558	13.43101343
1.79728	13.6996337
1.79898	13.28449328
1.80068	13.26007326
1.80238	13.40659341
1.80408	13.08913309
1.80578	12.94261294
1.80748	12.96703297
1.80918	13.06471306
1.81088	13.13797314
1.81258	12.89377289
1.81428	12.7960928
1.81598	12.94261294
1.81768	13.01587302
1.81938	12.6007326
1.82108	12.67399267
1.82278	13.01587302
1.82448	12.7960928
1.82618	12.42979243
1.82788	12.6984127
1.82958	12.55189255
1.83128	12.5030525
1.83298	12.5030525
1.83468	12.72283272
1.83638	12.89377289
1.83808	12.5030525
1.83978	12.6007326
1.84148	12.18559219
1.84318	12.40537241
1.84488	12.45421245
1.84658	12.38095238
1.84828	12.18559219
1.84998	12.25885226
1.85168	12.08791209
1.85338	11.89255189
1.85508	12.35653236
1.85678	12.11233211
1.85848	12.25885226
1.86018	12.01465201
1.86188	11.64835165
1.86358	11.99023199
1.86528	11.81929182
1.86698	11.79487179
1.86868	11.86813187
1.87038	11.6971917
1.87208	11.4041514
1.87378	11.55067155
1.87548	11.72161172
1.87718	11.4041514
1.87888	11.42857143
1.88058	11.30647131
1.88228	11.30647131
1.88398	11.62393162
1.88568	11.25763126
1.88738	11.30647131
1.88908	11.35531136
1.89078	11.18437118
1.89248	11.23321123
1.89418	11.18437118
1.89588	10.84249084
1.89758	11.03785104
1.89928	11.30647131
1.90098	10.54945055
1.90268	11.30647131
1.90438	11.01343101
1.90608	10.64713065
1.90778	10.81807082
1.90948	10.6959707
1.91118	11.18437118
1.91288	10.74481074
1.91458	10.4029304
1.91628	10.94017094
1.91798	10.35409035
1.91968	10.84249084
1.92138	10.4029304
1.92308	10.4029304
1.92478	10.74481074
1.92648	10.35409035
1.92818	10.42735043
1.92988	10.54945055
1.93158	10.64713065
1.93328	10.57387057
1.93498	10.62271062
1.93668	10.4029304
1.93838	10.30525031
1.94008	9.914529915
1.94178	9.841269841
1.94348	10.5006105
1.94518	9.792429792
1.94688	9.841269841
1.94858	9.719169719
1.95028	9.938949939
1.95198	9.743589744
1.95368	9.743589744
1.95538	9.987789988
1.95708	9.816849817
1.95878	10.03663004
1.96048	9.621489621
1.96218	9.108669109
1.96388	9.768009768
1.96558	9.377289377
1.96728	9.89010989
1.96898	9.719169719
1.97068	9.865689866
1.97238	9.450549451
1.97408	9.352869353
1.97578	9.816849817
1.97748	9.499389499
1.97918	9.328449328
1.98088	9.255189255
1.98258	9.035409035
1.98428	9.035409035
1.98598	9.084249084
1.98768	9.035409035
1.98938	8.913308913
1.99108	9.206349206
1.99278	9.05982906
1.99448	8.937728938
1.99618	9.084249084
1.99788	9.108669109
1.99958	8.937728938
2.00128	8.522588523
2.00298	9.157509158
2.00468	8.669108669
2.00638	8.864468864
2.00808	8.693528694
2.00978	8.766788767
2.01148	8.962148962
2.01318	8.498168498
2.01488	8.986568987
2.01658	8.522588523
2.01828	8.693528694
2.01998	8.449328449
2.02168	8.669108669
2.02338	8.253968254
2.02508	8.034188034
2.02678	8.4004884
2.02848	8.156288156
2.03018	8.327228327
2.03188	8.571428571
2.03358	8.253968254
2.03528	8.058608059
2.03698	7.912087912
2.03868	8.131868132
2.04038	8.034188034
2.04208	7.960927961
2.04378	8.278388278
2.04548	7.765567766
2.04718	8.180708181
2.04888	7.619047619
2.05058	8.00976801
2.05228	7.741147741
2.05398	7.594627595
2.05568	8.083028083
2.05738	7.912087912
2.05908	7.814407814
2.06078	7.057387057
2.06248	7.252747253
2.06418	7.521367521
2.06588	7.228327228
2.06758	7.081807082
2.06928	7.326007326
2.07098	7.594627595
2.07268	7.081807082
2.07438	7.667887668
2.07608	7.594627595
2.07778	7.277167277
2.07948	7.252747253
2.08118	7.106227106
2.08288	7.277167277
2.08458	7.106227106
2.08628	6.73992674
2.08798	6.73992674
2.08968	7.155067155
2.09138	7.032967033
2.09308	7.008547009
2.09478	6.984126984
2.09648	7.057387057
2.09818	6.544566545
2.09988	6.593406593
2.10158	6.568986569
2.10328	6.568986569
2.10498	6.73992674
2.10668	6.568986569
2.10838	6.593406593
2.11008	6.813186813
2.11178	6.691086691
2.11348	6.764346764
2.11518	6.910866911
2.11688	6.764346764
2.11858	6.446886447
2.12028	6.251526252
2.12198	6.544566545
2.12368	6.642246642
2.12538	6.153846154
2.12708	6.349206349
2.12878	6.373626374
2.13048	6.153846154
2.13218	6.52014652
2.13388	5.982905983
2.13558	6.471306471
2.13728	6.129426129
2.13898	6.129426129
2.14068	5.641025641
2.14238	6.275946276
2.14408	5.958485958
2.14578	5.616605617
2.14748	5.763125763
2.14918	5.787545788
2.15088	6.080586081
2.15258	5.860805861
2.15428	5.738705739
2.15598	5.665445665
2.15768	5.665445665
2.15938	5.616605617
2.16108	5.47008547
2.16278	5.885225885
2.16448	5.494505495
2.16618	5.836385836
2.16788	5.323565324
2.16958	5.811965812
2.17128	5.811965812
2.17298	5.567765568
2.17468	5.421245421
2.17638	5.396825397
2.17808	5.665445665
2.17978	5.030525031
2.18148	5.103785104
2.18318	5.128205128
2.18488	5.030525031
2.18658	5.299145299
2.18828	5.177045177
2.18998	5.372405372
2.19168	5.47008547
2.19338	5.201465201
2.19508	5.445665446
2.19678	5.68986569
2.19848	5.177045177
2.20018	5.274725275
2.20188	4.810744811
2.20358	4.884004884
2.20528	4.85958486
2.20698	5.177045177
2.20868	4.85958486
2.21038	4.835164835
2.21208	5.274725275
2.21378	5.030525031
2.21548	4.884004884
2.21718	5.054945055
2.21888	5.103785104
2.22058	4.468864469
2.22228	4.517704518
2.22398	4.932844933
2.22568	5.152625153
2.22738	4.493284493
2.22908	4.42002442
2.23078	4.688644689
2.23248	4.249084249
2.23418	4.468864469
2.23588	4.273504274
2.23758	4.175824176
2.23928	4.42002442
2.24098	4.395604396
2.24268	4.151404151
2.24438	4.322344322
2.24608	4.175824176
2.24778	4.2002442
2.24948	4.151404151
2.25118	4.322344322
2.25288	4.297924298
2.25458	4.029304029
2.25628	3.858363858
2.25798	4.297924298
2.25968	4.004884005
2.26138	3.58974359
2.26308	3.443223443
2.26478	3.785103785
2.26648	4.224664225
2.26818	3.638583639
2.26988	4.126984127
2.27158	4.175824176
2.27328	3.956043956
2.27498	3.80952381
2.27668	3.858363858
2.27838	3.882783883
2.28008	3.711843712
2.28178	3.321123321
2.28348	3.516483516
2.28518	4.029304029
2.28688	3.736263736
2.28858	3.36996337
2.29028	3.882783883
2.29198	3.516483516
2.29368	3.882783883
2.29538	3.394383394
2.29708	3.394383394
2.29878	3.36996337
2.30048	3.492063492
2.30218	3.272283272
2.30388	3.36996337
2.30558	3.516483516
2.30728	3.199023199
2.30898	3.36996337
2.31068	3.345543346
2.31238	3.199023199
2.31408	3.492063492
2.31578	3.443223443
2.31748	3.15018315
2.31918	3.58974359
2.32088	3.125763126
2.32258	3.394383394
2.32428	3.15018315
2.32598	3.345543346
2.32768	2.905982906
2.32938	3.125763126
2.33108	2.857142857
2.33278	3.15018315
2.33448	3.125763126
2.33618	2.832722833
2.33788	3.076923077
2.33958	3.028083028
2.34128	2.881562882
2.34298	2.564102564
2.34468	2.905982906
2.34638	3.15018315
2.34808	3.028083028
2.34978	2.979242979
2.35148	2.832722833
2.35318	2.808302808
2.35488	2.759462759
2.35658	2.979242979
2.35828	2.954822955
2.35998	2.954822955
2.36168	2.222222222
2.36338	2.222222222
2.36508	2.637362637
2.36678	2.735042735
2.36848	2.783882784
2.37018	2.808302808
2.37188	2.564102564
2.37358	2.515262515
2.37528	2.612942613
2.37698	2.271062271
2.37868	2.246642247
2.38038	2.124542125
2.38208	2.222222222
2.38378	2.31990232
2.38548	2.271062271
2.38718	2.148962149
2.38888	2.393162393
2.39058	2.295482295
2.39228	2.442002442
2.39398	2.197802198
2.39568	2.124542125
2.39738	2.271062271
2.39908	2.368742369
2.40078	1.465201465
2.40248	2.148962149
2.40418	2.124542125
2.40588	2.124542125
2.40758	2.197802198
2.40928	1.831501832
2.41098	2.148962149
2.41268	2.344322344
2.41438	2.026862027
2.41608	1.758241758
2.41778	2.173382173
2.41948	2.026862027
2.42118	1.758241758
2.42288	1.758241758
2.42458	1.733821734
2.42628	1.929181929
2.42798	1.391941392
2.42968	1.416361416
2.43138	2.124542125
2.43308	1.538461538
2.43478	1.48962149
2.43648	1.587301587
2.43818	1.807081807
2.43988	1.343101343
2.44158	1.172161172
2.44328	1.172161172
2.44498	1.562881563
2.44668	1.733821734
2.44838	0.9523809524
2.45008	1.514041514
2.45178	1.465201465
2.45348	1.48962149
2.45518	1.26984127
2.45688	1.098901099
2.45858	1.587301587
2.46028	1.367521368
2.46198	0.9523809524
2.46368	1.05006105
2.46538	1.318681319
2.46708	1.196581197
2.46878	1.025641026
2.47048	1.465201465
2.47218	1.025641026
2.47388	1.48962149
2.47558	1.025641026
2.47728	0.5860805861
2.47898	0.9768009768
2.48068	1.001221001
2.48238	0.8302808303
2.48408	0.8547008547
2.48578	1.074481074
2.48748	1.172161172
2.48918	0.8547008547
2.49088	1.465201465
2.49258	1.123321123
2.49428	0.7326007326
2.49598	0.9035409035
2.49768	0.7814407814
2.49938	0.6593406593
2.50108	0.6593406593
2.50278	0.6593406593
2.50448	0.4151404151
2.50618	0.6593406593
2.50788	0.6837606838
2.50958	0.7326007326
2.51128	0.6105006105
2.51298	0.6105006105
2.51468	0.3907203907
2.51638	1.001221001
2.51808	0.7081807082
2.51978	0.1709401709
2.52148	0.1709401709
2.52318	0.3907203907
2.52488	0.4884004884
2.52658	0.3663003663
2.52828	0.5128205128
2.52998	0.293040293
2.53168	0.5860805861
2.53338	0.4884004884
2.53508	0.463980464
2.53678	0.3174603175
2.53848	0.927960928
2.54018	0.1953601954
2.54188	0.1221001221
2.54358	0.1709401709
2.54528	0.1465201465
2.54698	0.2686202686
2.54868	0.1709401709
2.55038	0.04884004884
2.55208	0.1953601954
2.55378	0.3907203907
2.55548	0.4884004884
2.55718	0.2686202686
2.55888	0.3174603175
2.56058	0.3174603175
2.56228	0.4151404151
2.56398	0.463980464
2.56568	0.2442002442
2.56738	0.1221001221
2.56908	0.293040293
2.57078	0.04884004884
2.57248	0.3663003663
2.57418	0.3418803419
2.57588	0.3418803419
2.57758	0.5616605617
2.57928	0.3663003663
2.58098	0.5128205128
2.58268	0.6837606838
2.58438	0.6105006105
2.58608	0.3663003663
2.58778	0.293040293
2.58948	0.293040293
2.59118	0.293040293
2.59288	0.6105006105
2.59458	0.6105006105
2.59628	0.6105006105
2.59798	0.4884004884
2.59968	0.6593406593
2.60138	0.6349206349
2.60308	0.8058608059
2.60478	0.8302808303
2.60648	0.4884004884
2.60818	0.9768009768
2.60988	0.6837606838
2.61158	0.6105006105
2.61328	1.025641026
2.61498	0.5860805861
2.61668	1.294261294
2.61838	0.8058608059
2.62008	1.318681319
2.62178	0.9768009768
2.62348	1.147741148
2.62518	1.123321123
2.62688	0.8302808303
2.62858	0.9768009768
2.63028	0.9768009768
2.63198	1.172161172
2.63368	1.098901099
2.63538	1.465201465
2.63708	1.221001221
2.63878	1.074481074
2.64048	1.172161172
2.64218	1.318681319
2.64388	1.562881563
2.64558	0.8547008547
2.64728	1.416361416
2.64898	1.514041514
2.65068	1.221001221
2.65238	0.9768009768
2.65408	1.098901099
2.65578	1.758241758
2.65748	1.26984127
2.65918	1.538461538
2.66088	1.782661783
2.66258	1.514041514
2.66428	1.831501832
2.66598	1.391941392
2.66768	1.636141636
2.66938	1.367521368
2.67108	1.440781441
2.67278	1.831501832
2.67448	1.465201465
2.67618	1.831501832
2.67788	1.465201465
2.67958	1.709401709
2.68128	1.904761905
2.68298	1.636141636
2.68468	1.562881563
2.68638	1.904761905
2.68808	1.440781441
2.68978	1.465201465
2.69148	1.782661783
2.69318	1.196581197
2.69488	1.831501832
2.69658	2.442002442
2.69828	2.31990232
2.69998	1.807081807
2.70168	2.124542125
2.70338	2.295482295
2.70508	1.953601954
2.70678	1.807081807
2.70848	2.026862027
2.71018	1.88034188
2.71188	2.1001221
2.71358	1.684981685
2.71528	2.173382173
2.71698	2.466422466
2.71868	2.197802198
2.72038	2.417582418
2.72208	2.31990232
2.72378	2.197802198
2.72548	2.002442002
2.72718	2.271062271
2.72888	2.148962149
2.73058	2.197802198
2.73228	2.271062271
2.73398	2.637362637
2.73568	2.246642247
2.73738	2.832722833
2.73908	2.417582418
2.74078	2.637362637
2.74248	2.735042735
2.74418	2.344322344
2.74588	2.295482295
2.74758	2.295482295
2.74928	2.344322344
2.75098	2.417582418
2.75268	2.368742369
2.75438	2.612942613
2.75608	2.954822955
2.75778	2.53968254
2.75948	2.31990232
2.76118	2.588522589
2.76288	2.344322344
2.76458	2.466422466
2.76628	2.417582418
2.76798	2.759462759
2.76968	2.808302808
2.77138	2.710622711
2.77308	2.661782662
2.77478	2.857142857
2.77648	2.857142857
2.77818	3.003663004
2.77988	2.954822955
2.78158	2.686202686
2.78328	2.905982906
2.78498	3.15018315
2.78668	2.881562882
2.78838	3.003663004
2.79008	2.93040293
2.79178	2.93040293
2.79348	3.15018315
2.79518	3.247863248
2.79688	3.174603175
2.79858	3.052503053
2.80028	3.443223443
2.80198	3.296703297
2.80368	3.321123321
2.80538	2.881562882
2.80708	3.052503053
2.80878	2.954822955
2.81048	2.954822955
2.81218	3.076923077
2.81388	3.101343101
2.81558	2.832722833
2.81728	3.58974359
2.81898	2.954822955
2.82068	3.174603175
2.82238	3.394383394
2.82408	3.199023199
2.82578	3.296703297
2.82748	2.954822955
2.82918	2.954822955
2.83088	3.174603175
2.83258	3.003663004
2.83428	3.565323565
2.83598	3.931623932
2.83768	3.321123321
2.83938	3.418803419
2.84108	3.223443223
2.84278	3.711843712
2.84448	3.540903541
2.84618	3.565323565
2.84788	3.565323565
2.84958	3.125763126
2.85128	3.296703297
2.85298	3.540903541
2.85468	3.467643468
2.85638	3.565323565
2.85808	3.736263736
2.85978	3.833943834
2.86148	3.760683761
2.86318	3.663003663
2.86488	3.687423687
2.86658	3.58974359
2.86828	3.565323565
2.86998	3.345543346
2.87168	3.540903541
2.87338	3.711843712
2.87508	3.565323565
2.87678	3.956043956
2.87848	3.36996337
2.88018	3.565323565
2.88188	3.785103785
2.88358	3.956043956
2.88528	3.80952381
2.88698	3.321123321
2.88868	3.907203907
2.89038	3.58974359
2.89208	3.467643468
2.89378	3.882783883
2.89548	4.322344322
2.89718	4.126984127
2.89888	3.882783883
2.90058	3.711843712
2.90228	3.833943834
2.90398	3.907203907
2.90568	3.785103785
2.90738	3.956043956
2.90908	3.882783883
2.91078	4.151404151
2.91248	3.80952381
2.91418	4.004884005
2.91588	4.224664225
2.91758	3.907203907
2.91928	4.2002442
2.92098	3.931623932
2.92268	3.833943834
2.92438	4.004884005
2.92608	3.785103785
2.92778	4.029304029
2.92948	4.053724054
2.93118	4.395604396
2.93288	4.151404151
2.93458	4.102564103
2.93628	4.322344322
2.93798	4.175824176
2.93968	3.907203907
2.94138	4.590964591
2.94308	4.224664225
2.94478	4.175824176
2.94648	3.736263736
2.94818	4.249084249
2.94988	3.931623932
2.95158	4.029304029
2.95328	3.663003663
2.95498	4.126984127
2.95668	4.322344322
2.95838	4.053724054
2.96008	4.493284493
2.96178	4.444444444
2.96348	4.322344322
2.96518	4.126984127
2.96688	3.98046398
2.96858	4.273504274
2.97028	4.053724054
2.97198	4.2002442
2.97368	4.493284493
2.97538	4.713064713
2.97708	4.761904762
2.97878	4.615384615
2.98048	4.444444444
2.98218	4.493284493
2.98388	4.688644689
2.98558	3.882783883
2.98728	4.175824176
2.98898	3.931623932
2.99068	4.42002442
2.99238	3.956043956
2.99408	4.542124542
2.99578	4.493284493
2.99748	4.297924298
2.99918	4.2002442
3.00088	4.322344322
3.00258	4.468864469
3.00428	4.346764347
3.00598	4.346764347
3.00768	4.249084249
3.00938	4.63980464
3.01108	4.590964591
3.01278	4.468864469
3.01448	4.566544567
3.01618	4.566544567
3.01788	4.737484737
3.01958	4.664224664
3.02128	4.297924298
3.02298	4.810744811
3.02468	4.63980464
3.02638	4.517704518
3.02808	4.542124542
3.02978	4.395604396
3.03148	4.42002442
3.03318	4.346764347
3.03488	4.786324786
3.03658	4.713064713
3.03828	4.957264957
3.03998	4.395604396
3.04168	4.688644689
3.04338	4.395604396
3.04508	4.468864469
3.04678	4.542124542
3.04848	4.273504274
3.05018	4.2002442
3.05188	4.835164835
3.05358	4.249084249
3.05528	4.615384615
3.05698	4.85958486
3.05868	4.346764347
3.06038	4.664224664
3.06208	4.151404151
3.06378	4.786324786
3.06548	4.395604396
3.06718	4.566544567
3.06888	4.957264957
3.07058	4.786324786
3.07228	4.786324786
3.07398	4.63980464
3.07568	4.835164835
3.07738	4.566544567
3.07908	4.249084249
3.08078	4.395604396
3.08248	4.468864469
3.08418	4.713064713
3.08588	4.273504274
3.08758	4.542124542
3.08928	4.42002442
3.09098	5.054945055
3.09268	4.322344322
3.09438	4.63980464
3.09608	4.664224664
3.09778	4.884004884
3.09948	4.542124542
3.10118	4.737484737
3.10288	4.590964591
3.10458	4.63980464
3.10628	4.664224664
3.10798	4.493284493
3.10968	4.493284493
3.11138	4.42002442
3.11308	4.371184371
3.11478	4.85958486
3.11648	4.810744811
3.11818	4.884004884
3.11988	4.517704518
3.12158	4.444444444
3.12328	4.249084249
3.12498	4.322344322
3.12668	4.615384615
3.12838	4.884004884
3.13008	4.615384615
3.13178	4.590964591
3.13348	4.224664225
3.13518	4.761904762
3.13688	4.737484737
3.13858	4.810744811
3.14028	4.810744811
3.14198	4.810744811
3.14368	4.932844933
3.14538	4.322344322
3.14708	4.029304029
3.14878	4.42002442
3.15048	4.957264957
3.15218	4.810744811
3.15388	4.664224664
3.15558	4.615384615
3.15728	4.664224664
3.15898	4.884004884
3.16068	4.737484737
3.16238	4.395604396
3.16408	4.42002442
3.16578	4.151404151
3.16748	4.444444444
3.16918	4.297924298
3.17088	4.395604396
3.17258	4.664224664
3.17428	4.932844933
3.17598	4.884004884
3.17768	5.103785104
3.17938	4.835164835
3.18108	4.346764347
3.18278	4.664224664
3.18448	4.468864469
3.18618	4.542124542
3.18788	4.542124542
3.18958	4.542124542
3.19128	4.590964591
3.19298	4.371184371
3.19468	4.761904762
3.19638	4.517704518
3.19808	4.786324786
3.19978	4.761904762
3.20148	4.346764347
3.20318	4.957264957
3.20488	4.371184371
3.20658	4.444444444
3.20828	4.395604396
3.20998	4.468864469
3.21168	4.517704518
3.21338	4.713064713
3.21508	4.713064713
3.21678	4.810744811
3.21848	4.615384615
3.22018	4.322344322
3.22188	4.371184371
3.22358	4.542124542
3.22528	4.517704518
3.22698	4.786324786
3.22868	4.713064713
3.23038	4.566544567
3.23208	4.884004884
3.23378	4.517704518
3.23548	4.810744811
3.23718	4.542124542
3.23888	4.713064713
3.24058	4.2002442
3.24228	4.444444444
3.24398	5.225885226
3.24568	4.249084249
3.24738	4.42002442
3.24908	4.2002442
3.25078	4.42002442
3.25248	4.786324786
3.25418	4.542124542
3.25588	4.664224664
3.25758	4.688644689
3.25928	4.444444444
3.26098	4.566544567
3.26268	4.517704518
3.26438	4.590964591
3.26608	4.371184371
3.26778	4.126984127
3.26948	4.175824176
3.27118	4.63980464
3.27288	4.371184371
3.27458	4.42002442
3.27628	4.542124542
3.27798	4.175824176
3.27968	4.395604396
3.28138	4.126984127
3.28308	4.590964591
3.28478	4.371184371
3.28648	4.249084249
3.28818	4.2002442
3.28988	4.42002442
3.29158	4.664224664
3.29328	4.029304029
3.29498	4.371184371
3.29668	4.053724054
3.29838	4.493284493
3.30008	4.126984127
3.30178	4.493284493
3.30348	4.42002442
3.30518	4.297924298
3.30688	4.371184371
3.30858	4.297924298
3.31028	4.029304029
3.31198	4.615384615
3.31368	4.444444444
3.31538	4.468864469
3.31708	4.249084249
3.31878	4.42002442
3.32048	4.664224664
3.32218	4.078144078
3.32388	4.468864469
3.32558	3.931623932
3.32728	4.102564103
3.32898	4.273504274
3.33068	4.517704518
3.33238	4.371184371
3.33408	3.98046398
3.33578	4.322344322
3.33748	4.322344322
3.33918	4.224664225
3.34088	4.175824176
3.34258	3.882783883
3.34428	4.053724054
3.34598	4.468864469
3.34768	4.273504274
3.34938	4.126984127
3.35108	4.493284493
3.35278	4.590964591
3.35448	4.273504274
3.35618	4.078144078
3.35788	4.590964591
3.35958	4.029304029
3.36128	4.004884005
3.36298	4.371184371
3.36468	4.151404151
3.36638	3.638583639
3.36808	4.224664225
3.36978	4.371184371
3.37148	4.151404151
3.37318	4.151404151
3.37488	4.004884005
3.37658	4.249084249
3.37828	4.175824176
3.37998	4.395604396
3.38168	3.80952381
3.38338	4.273504274
3.38508	4.126984127
3.38678	4.078144078
3.38848	4.2002442
3.39018	4.468864469
3.39188	4.249084249
3.39358	4.224664225
3.39528	4.126984127
3.39698	4.542124542
3.39868	4.42002442
3.40038	3.687423687
3.40208	4.273504274
3.40378	4.249084249
3.40548	3.931623932
3.40718	3.931623932
3.40888	4.053724054
3.41058	4.346764347
3.41228	4.566544567
3.41398	3.931623932
3.41568	4.078144078
3.41738	4.42002442
3.41908	4.004884005
3.42078	3.956043956
3.42248	4.102564103
3.42418	4.078144078
3.42588	3.614163614
3.42758	4.249084249
3.42928	4.151404151
3.43098	4.590964591
3.43268	3.540903541
3.43438	4.102564103
3.43608	4.395604396
3.43778	4.053724054
3.43948	4.2002442
3.44118	3.785103785
3.44288	4.053724054
3.44458	3.785103785
3.44628	4.029304029
3.44798	3.931623932
3.44968	4.395604396
3.45138	4.249084249
3.45308	3.858363858
3.45478	3.931623932
3.45648	4.297924298
3.45818	4.273504274
3.45988	3.80952381
3.46158	3.858363858
3.46328	3.858363858
3.46498	3.931623932
3.46668	3.858363858
3.46838	3.858363858
3.47008	3.907203907
3.47178	4.297924298
3.47348	3.956043956
3.47518	3.760683761
3.47688	4.151404151
3.47858	4.224664225
3.48028	3.80952381
3.48198	3.80952381
3.48368	3.858363858
3.48538	3.58974359
3.48708	3.80952381
3.48878	3.882783883
3.49048	3.858363858
3.49218	3.956043956
3.49388	3.98046398
3.49558	4.102564103
3.49728	3.858363858
3.49898	4.053724054
3.50068	3.687423687
3.50238	4.053724054
3.50408	3.638583639
3.50578	3.931623932
3.50748	3.882783883
3.50918	3.760683761
3.51088	4.322344322
3.51258	4.151404151
3.51428	3.98046398
3.51598	3.687423687
3.51768	3.80952381
3.51938	3.687423687
3.52108	3.492063492
3.52278	4.053724054
3.52448	3.58974359
3.52618	4.249084249
3.52788	3.80952381
3.52958	3.760683761
3.53128	3.80952381
3.53298	3.833943834
3.53468	3.321123321
3.53638	3.98046398
3.53808	4.151404151
3.53978	4.126984127
3.54148	3.785103785
3.54318	3.492063492
3.54488	3.492063492
3.54658	3.687423687
3.54828	3.614163614
3.54998	3.833943834
3.55168	3.80952381
3.55338	3.58974359
3.55508	3.956043956
3.55678	3.58974359
3.55848	3.858363858
3.56018	3.858363858
3.56188	3.321123321
3.56358	3.540903541
3.56528	3.492063492
3.56698	3.736263736
3.56868	3.443223443
3.57038	3.98046398
3.57208	3.614163614
3.57378	3.760683761
3.57548	4.004884005
3.57718	3.785103785
3.57888	3.858363858
3.58058	3.443223443
3.58228	3.467643468
3.58398	3.882783883
3.58568	3.565323565
3.58738	4.078144078
3.58908	3.345543346
3.59078	3.858363858
3.59248	3.858363858
3.59418	3.931623932
3.59588	3.540903541
3.59758	3.687423687
3.59928	3.540903541
3.60098	3.272283272
3.60268	3.540903541
3.60438	3.58974359
3.60608	3.687423687
3.60778	3.760683761
3.60948	3.80952381
3.61118	3.98046398
3.61288	3.418803419
3.61458	3.418803419
3.61628	3.467643468
3.61798	3.711843712
3.61968	3.663003663
3.62138	3.272283272
3.62308	3.36996337
3.62478	3.614163614
3.62648	3.565323565
3.62818	3.36996337
3.62988	3.614163614
3.63158	4.078144078
3.63328	3.687423687
3.63498	3.736263736
3.63668	3.760683761
3.63838	3.638583639
3.64008	3.565323565
3.64178	3.174603175
3.64348	3.711843712
3.64518	3.540903541
3.64688	3.492063492
3.64858	3.174603175
3.65028	3.418803419
3.65198	3.858363858
3.65368	3.492063492
3.65538	3.418803419
3.65708	3.36996337
3.65878	3.614163614
3.66048	3.394383394
3.66218	3.296703297
3.66388	3.492063492
3.66558	3.492063492
3.66728	3.882783883
3.66898	3.272283272
3.67068	3.785103785
3.67238	3.736263736
3.67408	3.565323565
3.67578	3.443223443
3.67748	3.540903541
3.67918	3.199023199
3.68088	3.076923077
3.68258	3.125763126
3.68428	3.345543346
3.68598	3.687423687
3.68768	3.58974359
3.68938	3.638583639
3.69108	3.394383394
3.69278	3.736263736
3.69448	3.125763126
3.69618	3.443223443
3.69788	3.345543346
3.69958	3.687423687
3.70128	3.247863248
3.70298	3.296703297
3.70468	3.36996337
3.70638	3.443223443
3.70808	3.418803419
3.70978	3.321123321
3.71148	3.443223443
3.71318	3.443223443
3.71488	3.36996337
3.71658	3.467643468
3.71828	3.516483516
3.71998	3.394383394
3.72168	3.101343101
3.72338	3.15018315
3.72508	3.028083028
3.72678	3.418803419
3.72848	2.808302808
3.73018	3.736263736
3.73188	3.565323565
3.73358	3.101343101
3.73528	3.15018315
3.73698	2.979242979
3.73868	3.345543346
3.74038	3.076923077
3.74208	3.076923077
3.74378	3.394383394
3.74548	3.492063492
3.74718	3.467643468
3.74888	3.345543346
3.75058	3.58974359
3.75228	3.58974359
3.75398	3.492063492
3.75568	3.418803419
3.75738	3.443223443
3.75908	3.36996337
3.76078	3.003663004
3.76248	3.003663004
3.76418	3.492063492
3.76588	3.272283272
3.76758	3.272283272
3.76928	3.028083028
3.77098	2.954822955
3.77268	3.076923077
3.77438	3.540903541
3.77608	3.443223443
3.77778	3.394383394
3.77948	3.394383394
3.78118	3.076923077
3.78288	2.954822955
3.78458	2.93040293
3.78628	3.516483516
3.78798	2.905982906
3.78968	2.783882784
3.79138	3.418803419
3.79308	2.979242979
3.79478	3.199023199
3.79648	2.710622711
3.79818	3.003663004
3.79988	2.979242979
3.80158	2.393162393
3.80328	2.588522589
3.80498	3.076923077
3.80668	3.003663004
3.80838	2.832722833
3.81008	3.101343101
3.81178	3.052503053
3.81348	3.052503053
3.81518	2.783882784
3.81688	2.832722833
3.81858	3.247863248
3.82028	3.052503053
3.82198	3.028083028
3.82368	2.881562882
3.82538	2.637362637
3.82708	3.028083028
3.82878	3.003663004
3.83048	3.15018315
3.83218	3.101343101
3.83388	2.808302808
3.83558	3.076923077
3.83728	3.003663004
3.83898	2.832722833
3.84068	2.612942613
3.84238	2.783882784
3.84408	2.808302808
3.84578	2.710622711
3.84748	2.93040293
3.84918	2.954822955
3.85088	3.003663004
3.85258	2.466422466
3.85428	3.028083028
3.85598	2.661782662
3.85768	2.759462759
3.85938	3.003663004
3.86108	2.588522589
3.86278	2.759462759
3.86448	3.15018315
3.86618	3.076923077
3.86788	2.954822955
3.86958	3.199023199
3.87128	2.832722833
3.87298	2.857142857
3.87468	3.174603175
3.87638	2.637362637
3.87808	2.857142857
3.87978	2.612942613
3.88148	2.53968254
3.88318	2.490842491
3.88488	2.905982906
3.88658	2.808302808
3.88828	2.808302808
3.88998	3.003663004
3.89168	2.588522589
3.89338	2.759462759
3.89508	2.661782662
3.89678	2.637362637
3.89848	2.515262515
3.90018	2.515262515
3.90188	2.368742369
3.90358	2.588522589
3.90528	2.710622711
3.90698	2.490842491
3.90868	2.686202686
3.91038	2.93040293
3.91208	2.710622711
3.91378	2.612942613
3.91548	2.393162393
3.91718	2.417582418
3.91888	2.612942613
3.92058	2.564102564
3.92228	2.295482295
3.92398	2.271062271
3.92568	2.637362637
3.92738	2.857142857
3.92908	2.417582418
3.93078	3.028083028
3.93248	2.857142857
3.93418	2.53968254
3.93588	2.197802198
3.93758	2.271062271
3.93928	2.710622711
3.94098	2.295482295
3.94268	2.246642247
3.94438	2.515262515
3.94608	2.490842491
3.94778	2.417582418
3.94948	2.515262515
3.95118	2.466422466
3.95288	2.490842491
3.95458	2.417582418
3.95628	2.31990232
3.95798	2.368742369
3.95968	2.197802198
3.96138	2.295482295
3.96308	2.295482295
3.96478	2.490842491
3.96648	2.612942613
3.96818	2.295482295
3.96988	2.466422466
3.97158	2.564102564
3.97328	2.783882784
3.97498	2.808302808
3.97668	2.588522589
3.97838	2.173382173
3.98008	2.124542125
3.98178	2.295482295
3.98348	2.515262515
3.98518	2.393162393
3.98688	2.490842491
3.98858	2.124542125
3.99028	2.490842491
3.99198	2.661782662
3.99368	2.344322344
3.99538	2.222222222
3.99708	2.148962149
3.99878	2.026862027
4.00048	2.075702076
4.00218	2.246642247
4.00388	1.807081807
4.00558	2.442002442
4.00728	2.295482295
4.00898	1.953601954
4.01068	2.31990232
4.01238	2.53968254
4.01408	2.1001221
4.01578	2.075702076
4.01748	2.197802198
4.01918	1.758241758
4.02088	1.88034188
4.02258	2.173382173
4.02428	2.002442002
4.02598	2.515262515
4.02768	2.1001221
4.02938	2.417582418
4.03108	2.222222222
4.03278	2.148962149
4.03448	2.295482295
4.03618	1.929181929
4.03788	2.051282051
4.03958	2.002442002
4.04128	1.855921856
4.04298	1.587301587
4.04468	1.514041514
4.04638	2.051282051
4.04808	1.684981685
4.04978	2.051282051
4.05148	2.051282051
4.05318	2.148962149
4.05488	1.855921856
4.05658	2.124542125
4.05828	1.831501832
4.05998	1.831501832
4.06168	1.660561661
4.06338	1.904761905
4.06508	2.271062271
4.06678	2.368742369
4.06848	1.831501832
4.07018	2.002442002
4.07188	1.929181929
4.07358	1.904761905
4.07528	1.807081807
4.07698	1.758241758
4.07868	2.197802198
4.08038	2.075702076
4.08208	2.124542125
4.08378	1.562881563
4.08548	1.953601954
4.08718	2.148962149
4.08888	1.782661783
4.09058	2.197802198
4.09228	1.904761905
4.09398	1.684981685
4.09568	1.538461538
4.09738	1.904761905
4.09908	1.904761905
4.10078	1.660561661
4.10248	1.855921856
4.10418	1.904761905
4.10588	1.758241758
4.10758	1.636141636
4.10928	1.660561661
4.11098	1.88034188
4.11268	1.929181929
4.11438	1.782661783
4.11608	1.782661783
4.11778	1.514041514
4.11948	1.684981685
4.12118	1.391941392
4.12288	1.465201465
4.12458	1.807081807
4.12628	1.807081807
4.12798	1.758241758
4.12968	1.514041514
4.13138	1.538461538
4.13308	1.514041514
4.13478	1.538461538
4.13648	1.562881563
4.13818	1.611721612
4.13988	1.343101343
4.14158	1.465201465
4.14328	1.245421245
4.14498	1.660561661
4.14668	1.88034188
4.14838	1.294261294
4.15008	1.636141636
4.15178	1.758241758
4.15348	1.758241758
4.15518	1.587301587
4.15688	1.660561661
4.15858	1.636141636
4.16028	1.514041514
4.16198	1.611721612
4.16368	1.147741148
4.16538	1.831501832
4.16708	1.855921856
4.16878	1.465201465
4.17048	1.758241758
4.17218	1.367521368
4.17388	1.684981685
4.17558	1.416361416
4.17728	1.514041514
4.17898	1.294261294
4.18068	1.562881563
4.18238	1.538461538
4.18408	1.465201465
4.18578	1.709401709
4.18748	1.514041514
4.18918	1.684981685
4.19088	1.343101343
4.19258	1.367521368
4.19428	1.611721612
4.19598	1.343101343
4.19768	1.26984127
4.19938	1.343101343
4.20108	1.343101343
4.20278	1.26984127
4.20448	1.196581197
4.20618	1.562881563
4.20788	1.416361416
4.20958	1.587301587
4.21128	1.391941392
4.21298	1.538461538
4.21468	1.733821734
4.21638	1.098901099
4.21808	1.538461538
4.21978	1.367521368
4.22148	1.636141636
4.22318	1.196581197
4.22488	1.440781441
4.22658	1.782661783
4.22828	1.221001221
4.22998	1.343101343
4.23168	1.343101343
4.23338	1.318681319
4.23508	1.416361416
4.23678	1.343101343
4.23848	1.147741148
4.24018	1.26984127
4.24188	0.8547008547
4.24358	1.196581197
4.24528	1.587301587
4.24698	1.196581197
4.24868	1.294261294
4.25038	1.147741148
4.25208	1.465201465
4.25378	1.123321123
4.25548	0.7081807082
4.25718	1.172161172
4.25888	1.367521368
4.26058	1.26984127
4.26228	1.172161172
4.26398	1.098901099
4.26568	1.367521368
4.26738	1.294261294
4.26908	1.196581197
4.27078	1.440781441
4.27248	1.074481074
4.27418	1.001221001
4.27588	0.8791208791
4.27758	1.343101343
4.27928	1.367521368
4.28098	1.48962149
4.28268	1.514041514
4.28438	1.074481074
4.28608	1.221001221
4.28778	1.221001221
4.28948	0.927960928
4.29118	1.221001221
4.29288	1.709401709
4.29458	1.196581197
4.29628	0.9523809524
4.29798	1.48962149
4.29968	1.123321123
4.30138	1.196581197
4.30308	1.367521368
4.30478	1.098901099
4.30648	1.48962149
4.30818	1.172161172
4.30988	1.172161172
4.31158	1.318681319
4.31328	1.855921856
4.31498	1.196581197
4.31668	0.927960928
4.31838	1.294261294
4.32008	1.367521368
4.32178	1.684981685
4.32348	1.514041514
4.32518	1.391941392
4.32688	1.343101343
4.32858	1.26984127
4.33028	1.318681319
4.33198	1.147741148
4.33368	1.098901099
4.33538	1.001221001
4.33708	1.001221001
4.33878	0.9035409035
4.34048	0.927960928
4.34218	1.172161172
4.34388	1.098901099
4.34558	1.221001221
4.34728	1.343101343
4.34898	1.172161172
4.35068	0.8302808303
4.35238	1.172161172
4.35408	1.416361416
4.35578	1.05006105
4.35748	0.6349206349
4.35918	0.8547008547
4.36088	1.48962149
4.36258	1.48962149
4.36428	1.221001221
4.36598	1.367521368
4.36768	1.318681319
4.36938	1.221001221
4.37108	1.147741148
4.37278	1.074481074
4.37448	1.538461538
4.37618	0.927960928
4.37788	1.123321123
4.37958	1.221001221
4.38128	1.465201465
4.38298	1.245421245
4.38468	1.367521368
4.38638	1.245421245
4.38808	1.318681319
4.38978	1.123321123
4.39148	1.098901099
4.39318	1.098901099
4.39488	0.6349206349
4.39658	1.098901099
4.39828	1.05006105
4.39998	1.391941392
4.40168	0.8791208791
4.40338	0.9768009768
4.40508	1.098901099
4.40678	0.9523809524
4.40848	1.098901099
4.41018	1.025641026
4.41188	0.463980464
4.41358	1.196581197
4.41528	0.7326007326
4.41698	1.123321123
4.41868	0.7326007326
4.42038	1.196581197
4.42208	1.001221001
4.42378	0.7081807082
4.42548	1.172161172
4.42718	1.025641026
4.42888	1.05006105
4.43058	0.927960928
4.43228	0.8302808303
4.43398	0.8791208791
4.43568	0.7326007326
4.43738	0.757020757
4.43908	0.927960928
4.44078	0.9768009768
4.44248	1.196581197
4.44418	1.123321123
4.44588	1.074481074
4.44758	1.098901099
4.44928	1.318681319
4.45098	1.074481074
4.45268	0.9035409035
4.45438	0.8791208791
4.45608	0.8791208791
4.45778	0.8302808303
4.45948	0.7814407814
4.46118	1.26984127
4.46288	1.196581197
4.46458	0.6837606838
4.46628	1.025641026
4.46798	0.9768009768
4.46968	0.8791208791
4.47138	0.3174603175
4.47308	1.001221001
4.47478	0.5616605617
4.47648	0.5616605617
4.47818	0.7326007326
4.47988	0.757020757
4.48158	1.098901099
4.48328	0.4395604396
4.48498	0.8791208791
4.48668	0.4395604396
4.48838	0.6593406593
4.49008	0.757020757
4.49178	0.4395604396
4.49348	1.05006105
4.49518	0.8547008547
4.49688	0.6349206349
4.49858	0.5372405372
4.50028	0.927960928
4.50198	0.4395604396
4.50368	0.6349206349
4.50538	0.8791208791
4.50708	0.757020757
4.50878	1.245421245
4.51048	0.6593406593
4.51218	0.7081807082
4.51388	0.8302808303
4.51558	0.6349206349
4.51728	0.5616605617
4.51898	0.7081807082
4.52068	0.6105006105
4.52238	0.6105006105
4.52408	1.172161172
4.52578	0.463980464
4.52748	0.9768009768
4.52918	0.6105006105
4.53088	0.6349206349
4.53258	0.6837606838
4.53428	0.5616605617
4.53598	0.6837606838
4.53768	0.7814407814
4.53938	0.3663003663
4.54108	0.6105006105
4.54278	0.6349206349
4.54448	0.6349206349
4.54618	0.8302808303
4.54788	0.9035409035
4.54958	0.6349206349
4.55128	0.5616605617
4.55298	1.05006105
4.55468	0.6349206349
4.55638	0.5372405372
4.55808	0.7814407814
4.55978	0.927960928
4.56148	0.8791208791
4.56318	0.5616605617
4.56488	0.6349206349
4.56658	0.6349206349
4.56828	0.8302808303
4.56998	0.4884004884
4.57168	0.6837606838
4.57338	0.5860805861
4.57508	0.5372405372
4.57678	0.5128205128
4.57848	0.293040293
4.58018	0.9035409035
4.58188	1.001221001
4.58358	0.4884004884
4.58528	0.5860805861
4.58698	0.8058608059
4.58868	0.6837606838
4.59038	0.1953601954
4.59208	0.463980464
4.59378	0.8058608059
4.59548	0.5128205128
4.59718	0.7326007326
4.59888	0.463980464
4.60058	0.5860805861
4.60228	0.8302808303
4.60398	0.3663003663
4.60568	0.4395604396
4.60738	0.6349206349
4.60908	0.6349206349
4.61078	0.6105006105
4.61248	0.6837606838
4.61418	0.8791208791
4.61588	0.6105006105
4.61758	0.8058608059
4.61928	0.8791208791
4.62098	0.6593406593
4.62268	0.4395604396
4.62438	0.5616605617
4.62608	0.4884004884
4.62778	0.6349206349
4.62948	0.5616605617
4.63118	0.2686202686
4.63288	0.1709401709
4.63458	0.3418803419
4.63628	0.8302808303
4.63798	0.6837606838
4.63968	0.2442002442
4.64138	0.6105006105
4.64308	0.4395604396
4.64478	0.6837606838
4.64648	0.5616605617
4.64818	1.172161172
4.64988	0.2442002442
4.65158	0.3174603175
4.65328	0.3174603175
4.65498	0.5616605617
4.65668	0.3418803419
4.65838	0.3907203907
4.66008	0.6837606838
4.66178	0.8058608059
4.66348	0.6105006105
4.66518	0.4151404151
4.66688	0.5860805861
4.66858	0.757020757
4.67028	0.4395604396
4.67198	0.5128205128
4.67368	0.5372405372
4.67538	0.757020757
4.67708	1.123321123
4.67878	0.6349206349
4.68048	0.9035409035
4.68218	0.2442002442
4.68388	0.5128205128
4.68558	0.4151404151
4.68728	0.5860805861
4.68898	0.7814407814
4.69068	0.3663003663
4.69238	0.2686202686
4.69408	0.6105006105
4.69578	0.6593406593
4.69748	1.074481074
4.69918	0.2197802198
4.70088	0.6105006105
4.70258	0.6593406593
4.70428	0.7326007326
4.70598	0.1221001221
4.70768	0.8302808303
4.70938	0.7081807082
4.71108	0.6349206349
4.71278	0.8058608059
4.71448	0.4395604396
4.71618	1.05006105
4.71788	0.4151404151
4.71958	0.4151404151
4.72128	0.5860805861
4.72298	0.6349206349
4.72468	0.6593406593
4.72638	0.5372405372
4.72808	0.463980464
4.72978	0.4395604396
4.73148	0.4395604396
4.73318	0.7326007326
4.73488	0.8547008547
4.73658	0.927960928
4.73828	0.7326007326
4.73998	1.001221001
4.74168	0.5372405372
4.74338	0.8791208791
4.74508	0.6105006105
4.74678	0.463980464
4.74848	0.8302808303
4.75018	0.5128205128
4.75188	1.001221001
4.75358	0.6349206349
4.75528	0.927960928
4.75698	1.025641026
4.75868	0.7081807082
4.76038	0.8791208791
4.76208	0.6593406593
4.76378	0.8547008547
4.76548	0.6349206349
4.76718	0.5860805861
4.76888	0.8547008547
4.77058	0.3907203907
4.77228	0.8302808303
4.77398	0.8547008547
4.77568	0.5860805861
4.77738	0.5860805861
4.77908	1.098901099
4.78078	0.9035409035
4.78248	0.7081807082
4.78418	1.025641026
4.78588	0.8058608059
4.78758	0.4151404151
4.78928	0.8302808303
4.79098	1.074481074
4.79268	1.123321123
4.79438	1.001221001
4.79608	1.196581197
4.79778	0.757020757
4.79948	0.757020757
4.80118	1.123321123
4.80288	0.8547008547
4.80458	0.8302808303
4.80628	1.025641026
4.80798	1.001221001
4.80968	0.6349206349
4.81138	0.927960928
4.81308	0.8791208791
4.81478	0.5616605617
4.81648	1.147741148
4.81818	0.8791208791
4.81988	0.5860805861
4.82158	0.5616605617
4.82328	0.7814407814
4.82498	0.5372405372
4.82668	0.757020757
4.82838	0.9768009768
4.83008	0.6105006105
4.83178	0.6349206349
4.83348	1.001221001
4.83518	1.05006105
4.83688	1.245421245
4.83858	0.6349206349
4.84028	0.6105006105
4.84198	0.8302808303
4.84368	0.8547008547
4.84538	1.098901099
4.84708	0.8302808303
4.84878	1.172161172
4.85048	0.927960928
4.85218	0.9035409035
4.85388	0.8791208791
4.85558	1.172161172
4.85728	1.025641026
4.85898	0.8058608059
4.86068	1.147741148
4.86238	1.172161172
4.86408	1.001221001
4.86578	0.8302808303
4.86748	0.8058608059
4.86918	0.7326007326
4.87088	0.927960928
4.87258	0.6837606838
4.87428	1.025641026
4.87598	1.294261294
4.87768	0.9768009768
4.87938	1.098901099
4.88108	0.7326007326
4.88278	1.025641026
4.88448	1.001221001
4.88618	0.9035409035
4.88788	0.757020757
4.88958	0.9768009768
4.89128	1.294261294
4.89298	0.7814407814
4.89468	1.660561661
4.89638	1.26984127
4.89808	1.245421245
4.89978	1.074481074
4.90148	0.757020757
4.90318	1.391941392
4.90488	1.196581197
4.90658	1.001221001
4.90828	1.025641026
4.90998	1.367521368
4.91168	1.221001221
4.91338	1.001221001
4.91508	1.465201465
4.91678	1.098901099
4.91848	1.440781441
4.92018	1.05006105
4.92188	1.221001221
4.92358	1.367521368
4.92528	1.098901099
4.92698	0.9035409035
4.92868	0.8547008547
4.93038	0.9523809524
4.93208	1.05006105
4.93378	1.196581197
4.93548	1.514041514
4.93718	1.245421245
4.93888	1.221001221
4.94058	1.05006105
4.94228	1.025641026
4.94398	1.147741148
4.94568	1.26984127
4.94738	1.221001221
4.94908	1.025641026
4.95078	1.318681319
4.95248	1.098901099
4.95418	1.245421245
4.95588	1.391941392
4.95758	1.123321123
4.95928	1.196581197
4.96098	1.074481074
4.96268	1.172161172
4.96438	1.221001221
4.96608	1.221001221
4.96778	1.26984127
4.96948	1.343101343
4.97118	1.562881563
4.97288	1.147741148
4.97458	1.196581197
4.97628	1.587301587
4.97798	1.465201465
4.97968	1.123321123
4.98138	1.098901099
4.98308	1.416361416
4.98478	1.26984127
4.98648	1.098901099
4.98818	1.514041514
4.98988	1.196581197
4.99158	1.684981685
4.99328	1.074481074
4.99498	1.855921856
4.99668	1.391941392
4.99838	1.538461538
5.00008	1.440781441
5.00178	1.538461538
5.00348	1.245421245
5.00518	1.172161172
5.00688	1.123321123
5.00858	1.416361416
5.01028	1.733821734
5.01198	1.562881563
5.01368	1.221001221
5.01538	1.733821734
5.01708	1.343101343
5.01878	1.684981685
5.02048	1.514041514
5.02218	1.074481074
5.02388	1.26984127
5.02558	0.927960928
5.02728	1.245421245
5.02898	1.196581197
5.03068	1.416361416
5.03238	1.587301587
5.03408	1.001221001
5.03578	1.636141636
5.03748	1.318681319
5.03918	1.465201465
5.04088	1.196581197
5.04258	1.074481074
5.04428	1.221001221
5.04598	1.172161172
5.04768	1.001221001
5.04938	1.26984127
5.05108	1.562881563
5.05278	1.48962149
5.05448	1.221001221
5.05618	1.343101343
5.05788	1.562881563
5.05958	1.318681319
5.06128	1.172161172
5.06298	1.221001221
5.06468	1.440781441
5.06638	1.098901099
5.06808	1.343101343
5.06978	1.343101343
5.07148	1.196581197
5.07318	1.26984127
5.07488	1.367521368
5.07658	1.26984127
5.07828	1.538461538
5.07998	1.514041514
5.08168	1.416361416
5.08338	1.416361416
5.08508	1.172161172
5.08678	1.48962149
5.08848	1.172161172
5.09018	1.147741148
5.09188	1.562881563
5.09358	1.440781441
5.09528	1.26984127
5.09698	1.318681319
5.09868	1.538461538
5.10038	1.391941392
5.10208	0.9523809524
5.10378	1.465201465
5.10548	1.147741148
5.10718	1.196581197
5.10888	1.367521368
5.11058	1.391941392
5.11228	1.48962149
5.11398	1.05006105
5.11568	1.709401709
5.11738	1.245421245
5.11908	1.48962149
5.12078	1.538461538
5.12248	1.611721612
5.12418	1.562881563
5.12588	1.416361416
5.12758	1.343101343
5.12928	1.001221001
5.13098	1.562881563
5.13268	1.343101343
5.13438	1.391941392
5.13608	1.172161172
5.13778	1.684981685
5.13948	1.172161172
5.14118	1.684981685
5.14288	1.48962149
5.14458	1.245421245
5.14628	1.562881563
5.14798	1.636141636
5.14968	1.465201465
5.15138	2.002442002
5.15308	1.098901099
5.15478	1.758241758
5.15648	1.416361416
5.15818	1.514041514
5.15988	0.8791208791
5.16158	0.9523809524
5.16328	1.660561661
5.16498	1.294261294
5.16668	1.465201465
5.16838	1.025641026
5.17008	1.391941392
5.17178	1.514041514
5.17348	1.562881563
5.17518	1.416361416
5.17688	1.26984127
5.17858	1.733821734
5.18028	1.26984127
5.18198	1.172161172
5.18368	1.465201465
5.18538	1.538461538
5.18708	1.391941392
5.18878	1.221001221
5.19048	1.831501832
5.19218	1.782661783
5.19388	1.440781441
5.19558	1.294261294
5.19728	1.660561661
5.19898	1.440781441
5.20068	1.391941392
5.20238	1.245421245
5.20408	1.221001221
5.20578	1.562881563
5.20748	1.123321123
5.20918	1.391941392
5.21088	1.636141636
5.21258	1.465201465
5.21428	1.660561661
5.21598	1.26984127
5.21768	1.123321123
5.21938	1.538461538
5.22108	1.245421245
5.22278	1.294261294
5.22448	1.440781441
5.22618	1.416361416
5.22788	1.367521368
5.22958	1.684981685
5.23128	1.440781441
5.23298	1.733821734
5.23468	1.221001221
5.23638	1.514041514
5.23808	1.26984127
5.23978	1.587301587
5.24148	1.343101343
5.24318	1.587301587
5.24488	1.318681319
5.24658	1.684981685
5.24828	1.098901099
5.24998	1.562881563
5.25168	1.465201465
5.25338	1.904761905
5.25508	1.562881563
5.25678	1.416361416
5.25848	1.440781441
5.26018	1.196581197
5.26188	1.123321123
5.26358	1.074481074
5.26528	1.318681319
5.26698	1.416361416
5.26868	1.26984127
5.27038	1.196581197
5.27208	1.245421245
5.27378	1.660561661
5.27548	1.660561661
5.27718	1.172161172
5.27888	1.538461538
5.28058	1.221001221
5.28228	1.514041514
5.28398	1.48962149
5.28568	1.733821734
5.28738	1.440781441
5.28908	1.294261294
5.29078	1.611721612
5.29248	1.709401709
5.29418	1.660561661
5.29588	1.782661783
5.29758	1.196581197
5.29928	1.855921856
5.30098	1.221001221
5.30268	1.465201465
5.30438	1.440781441
5.30608	1.465201465
5.30778	1.562881563
5.30948	1.684981685
5.31118	2.051282051
5.31288	1.294261294
5.31458	1.709401709
5.31628	1.172161172
5.31798	1.367521368
5.31968	1.294261294
5.32138	1.172161172
5.32308	1.684981685
5.32478	1.318681319
5.32648	1.514041514
5.32818	1.611721612
5.32988	1.782661783
5.33158	1.831501832
5.33328	1.367521368
5.33498	1.709401709
5.33668	1.636141636
5.33838	1.758241758
5.34008	1.367521368
5.34178	1.245421245
5.34348	1.440781441
5.34518	1.172161172
5.34688	1.758241758
5.34858	1.172161172
5.35028	1.709401709
5.35198	1.831501832
5.35368	1.636141636
5.35538	1.660561661
5.35708	1.367521368
5.35878	1.416361416
5.36048	1.001221001
5.36218	1.514041514
5.36388	1.538461538
5.36558	1.391941392
5.36728	1.611721612
5.36898	1.709401709
5.37068	1.465201465
5.37238	1.709401709
5.37408	1.88034188
5.37578	1.294261294
5.37748	1.636141636
5.37918	1.807081807
5.38088	1.562881563
5.38258	1.636141636
5.38428	1.440781441
5.38598	1.391941392
5.38768	1.684981685
5.38938	1.660561661
5.39108	1.929181929
5.39278	1.684981685
5.39448	1.636141636
5.39618	1.318681319
5.39788	1.587301587
5.39958	1.709401709
5.40128	1.684981685
5.40298	1.709401709
5.40468	1.440781441
5.40638	1.807081807
5.40808	1.025641026
5.40978	1.196581197
5.41148	1.636141636
5.41318	1.831501832
5.41488	1.26984127
5.41658	1.538461538
5.41828	1.733821734
5.41998	1.684981685
5.42168	1.416361416
5.42338	1.172161172
5.42508	1.831501832
5.42678	1.709401709
5.42848	1.538461538
5.43018	1.831501832
5.43188	1.587301587
5.43358	1.562881563
5.43528	1.48962149
5.43698	1.709401709
5.43868	1.48962149
5.44038	1.343101343
5.44208	1.318681319
5.44378	1.440781441
5.44548	1.562881563
5.44718	1.587301587
5.44888	1.660561661
5.45058	1.684981685
5.45228	1.660561661
5.45398	1.391941392
5.45568	1.391941392
5.45738	1.538461538
5.45908	1.440781441
5.46078	1.172161172
5.46248	1.611721612
5.46418	1.978021978
5.46588	1.758241758
5.46758	1.807081807
5.46928	1.562881563
5.47098	1.904761905
5.47268	1.904761905
5.47438	1.684981685
5.47608	1.587301587
5.47778	1.733821734
5.47948	1.294261294
5.48118	1.26984127
5.48288	1.440781441
5.48458	1.562881563
5.48628	1.514041514
5.48798	1.807081807
5.48968	1.538461538
5.49138	2.051282051
5.49308	1.855921856
5.49478	1.660561661
5.49648	1.831501832
5.49818	1.929181929
5.49988	1.758241758
5.50158	1.831501832
5.50328	1.611721612
5.50498	1.343101343
5.50668	1.953601954
5.50838	1.465201465
5.51008	1.831501832
5.51178	1.709401709
5.51348	1.88034188
5.51518	1.807081807
5.51688	1.929181929
5.51858	1.782661783
5.52028	1.636141636
5.52198	1.855921856
5.52368	1.855921856
5.52538	1.978021978
5.52708	2.148962149
5.52878	1.391941392
5.53048	1.636141636
5.53218	2.393162393
5.53388	1.88034188
5.53558	1.440781441
5.53728	1.562881563
5.53898	2.075702076
5.54068	1.88034188
5.54238	1.709401709
5.54408	1.904761905
5.54578	2.002442002
5.54748	2.002442002
5.54918	1.636141636
5.55088	2.026862027
5.55258	2.295482295
5.55428	1.978021978
5.55598	1.807081807
5.55768	2.173382173
5.55938	1.855921856
5.56108	2.002442002
5.56278	2.051282051
5.56448	1.807081807
5.56618	1.929181929
5.56788	2.173382173
5.56958	2.197802198
5.57128	2.075702076
5.57298	1.855921856
5.57468	1.538461538
5.57638	1.88034188
5.57808	1.855921856
5.57978	1.953601954
5.58148	2.246642247
5.58318	1.88034188
5.58488	1.733821734
5.58658	2.295482295
5.58828	2.31990232
5.58998	1.709401709
5.59168	2.173382173
5.59338	2.002442002
5.59508	1.807081807
5.59678	1.88034188
5.59848	1.831501832
5.60018	2.051282051
5.60188	1.831501832
5.60358	1.929181929
5.60528	2.002442002
5.60698	2.222222222
5.60868	2.173382173
5.61038	1.929181929
5.61208	2.075702076
5.61378	2.026862027
5.61548	2.051282051
5.61718	1.929181929
5.61888	2.026862027
5.62058	1.88034188
5.62228	2.026862027
5.62398	2.002442002
5.62568	2.295482295
5.62738	2.148962149
5.62908	2.1001221
5.63078	2.173382173
5.63248	2.051282051
5.63418	1.636141636
5.63588	1.709401709
5.63758	1.562881563
5.63928	1.855921856
5.64098	1.929181929
5.64268	2.197802198
5.64438	2.148962149
5.64608	2.197802198
5.64778	1.831501832
5.64948	2.051282051
5.65118	2.173382173
5.65288	2.051282051
5.65458	2.271062271
5.65628	1.953601954
5.65798	1.978021978
5.65968	1.904761905
5.66138	2.246642247
5.66308	2.026862027
5.66478	2.466422466
5.66648	2.026862027
5.66818	1.831501832
5.66988	1.904761905
5.67158	2.026862027
5.67328	2.295482295
5.67498	2.1001221
5.67668	1.758241758
5.67838	2.1001221
5.68008	2.002442002
5.68178	1.978021978
5.68348	2.1001221
5.68518	2.246642247
5.68688	2.148962149
5.68858	2.051282051
5.69028	2.222222222
5.69198	2.026862027
5.69368	2.31990232
5.69538	1.88034188
5.69708	2.124542125
5.69878	1.953601954
5.70048	2.026862027
5.70218	1.929181929
5.70388	2.026862027
5.70558	1.929181929
5.70728	1.978021978
5.70898	1.978021978
5.71068	2.173382173
5.71238	1.929181929
5.71408	2.148962149
5.71578	2.075702076
5.71748	2.246642247
5.71918	1.855921856
5.72088	2.124542125
5.72258	2.148962149
5.72428	1.855921856
5.72598	2.002442002
5.72768	2.173382173
5.72938	2.026862027
5.73108	2.1001221
5.73278	2.124542125
5.73448	2.124542125
5.73618	1.88034188
5.73788	1.929181929
5.73958	2.222222222
5.74128	2.295482295
5.74298	2.148962149
5.74468	2.124542125
5.74638	2.197802198
5.74808	2.344322344
5.74978	2.026862027
5.75148	2.124542125
5.75318	2.148962149
5.75488	2.197802198
5.75658	1.782661783
5.75828	2.222222222
5.75998	1.953601954
5.76168	1.88034188
5.76338	2.124542125
5.76508	2.417582418
5.76678	1.978021978
5.76848	2.368742369
5.77018	2.271062271
5.77188	2.246642247
5.77358	2.222222222
5.77528	2.075702076
5.77698	1.831501832
5.77868	2.148962149
5.78038	2.588522589
5.78208	1.904761905
5.78378	2.124542125
5.78548	2.490842491
5.78718	2.31990232
5.78888	2.271062271
5.79058	2.197802198
5.79228	1.758241758
5.79398	2.197802198
5.79568	1.782661783
5.79738	2.271062271
5.79908	2.1001221
5.80078	1.953601954
5.80248	2.295482295
5.80418	2.295482295
5.80588	2.417582418
5.80758	2.368742369
5.80928	2.31990232
5.81098	2.31990232
5.81268	2.124542125
5.81438	2.344322344
5.81608	2.124542125
5.81778	2.295482295
5.81948	2.442002442
5.82118	1.929181929
5.82288	2.051282051
5.82458	2.271062271
5.82628	2.466422466
5.82798	2.1001221
5.82968	2.1001221
5.83138	1.831501832
5.83308	2.442002442
5.83478	1.88034188
5.83648	2.051282051
5.83818	2.002442002
5.83988	2.295482295
5.84158	2.271062271
5.84328	2.124542125
5.84498	2.442002442
5.84668	2.417582418
5.84838	2.466422466
5.85008	2.271062271
5.85178	2.148962149
5.85348	2.612942613
5.85518	2.344322344
5.85688	2.026862027
5.85858	2.222222222
5.86028	2.564102564
5.86198	2.686202686
5.86368	2.246642247
5.86538	2.490842491
5.86708	2.026862027
5.86878	2.295482295
5.87048	2.417582418
5.87218	2.344322344
5.87388	2.393162393
5.87558	2.051282051
5.87728	2.026862027
5.87898	2.344322344
5.88068	2.417582418
5.88238	2.393162393
5.88408	2.222222222
5.88578	2.393162393
5.88748	2.686202686
5.88918	2.295482295
5.89088	2.124542125
5.89258	2.173382173
5.89428	2.271062271
5.89598	2.246642247
5.89768	1.88034188
5.89938	1.953601954
5.90108	2.368742369
5.90278	2.588522589
5.90448	2.344322344
5.90618	2.31990232
5.90788	2.417582418
5.90958	2.417582418
5.91128	2.710622711
5.91298	2.466422466
5.91468	2.173382173
5.91638	2.026862027
5.91808	2.173382173
5.91978	2.31990232
5.92148	2.222222222
5.92318	2.002442002
5.92488	2.393162393
5.92658	2.197802198
5.92828	2.222222222
5.92998	2.466422466
5.93168	2.222222222
5.93338	2.393162393
5.93508	2.368742369
5.93678	2.148962149
5.93848	2.295482295
5.94018	2.295482295
5.94188	2.637362637
5.94358	2.31990232
5.94528	2.271062271
5.94698	2.466422466
5.94868	2.1001221
5.95038	2.53968254
5.95208	2.417582418
5.95378	2.1001221
5.95548	2.075702076
5.95718	2.173382173
5.95888	2.393162393
5.96058	2.686202686
5.96228	2.344322344
5.96398	2.368742369
5.96568	2.246642247
5.96738	2.197802198
5.96908	2.442002442
5.97078	2.124542125
5.97248	2.051282051
5.97418	2.53968254
5.97588	2.295482295
5.97758	2.368742369
5.97928	2.148962149
5.98098	2.466422466
5.98268	2.368742369
5.98438	2.442002442
5.98608	2.417582418
5.98778	2.515262515
5.98948	2.637362637
5.99118	2.344322344
5.99288	2.442002442
5.99458	2.222222222
5.99628	2.31990232
5.99798	2.612942613
5.99968	2.490842491
6.00138	2.637362637
6.00308	2.271062271
6.00478	2.442002442
6.00648	2.588522589
6.00818	2.564102564
6.00988	2.686202686
6.01158	2.271062271
6.01328	2.368742369
6.01498	2.417582418
6.01668	2.686202686
6.01838	1.904761905
6.02008	2.466422466
6.02178	2.490842491
6.02348	2.295482295
6.02518	2.490842491
6.02688	2.466422466
6.02858	2.612942613
6.03028	2.271062271
6.03198	1.953601954
6.03368	2.490842491
6.03538	2.271062271
6.03708	2.417582418
6.03878	2.637362637
6.04048	2.588522589
6.04218	2.490842491
6.04388	2.271062271
6.04558	2.612942613
6.04728	2.515262515
6.04898	2.53968254
6.05068	2.564102564
6.05238	2.368742369
6.05408	2.148962149
6.05578	2.075702076
6.05748	2.295482295
6.05918	2.051282051
6.06088	2.686202686
6.06258	2.344322344
6.06428	2.344322344
6.06598	2.53968254
6.06768	2.442002442
6.06938	2.515262515
6.07108	2.295482295
6.07278	2.466422466
6.07448	2.442002442
6.07618	2.295482295
6.07788	2.148962149
6.07958	2.222222222
6.08128	2.783882784
6.08298	2.222222222
6.08468	2.442002442
6.08638	2.246642247
6.08808	2.442002442
6.08978	2.393162393
6.09148	2.31990232
6.09318	2.490842491
6.09488	2.271062271
6.09658	2.368742369
6.09828	2.31990232
6.09998	2.490842491
6.10168	2.515262515
6.10338	2.344322344
6.10508	2.564102564
6.10678	3.003663004
6.10848	2.759462759
6.11018	2.808302808
6.11188	2.442002442
6.11358	2.466422466
6.11528	2.417582418
6.11698	2.246642247
6.11868	2.124542125
6.12038	2.344322344
6.12208	2.368742369
6.12378	2.246642247
6.12548	2.661782662
6.12718	2.368742369
6.12888	2.490842491
6.13058	2.148962149
6.13228	2.124542125
6.13398	2.417582418
6.13568	2.417582418
6.13738	2.588522589
6.13908	2.515262515
6.14078	2.686202686
6.14248	2.588522589
6.14418	2.686202686
6.14588	2.588522589
6.14758	2.588522589
6.14928	2.417582418
6.15098	2.197802198
6.15268	2.051282051
6.15438	2.393162393
6.15608	2.832722833
6.15778	2.637362637
6.15948	2.075702076
6.16118	2.612942613
6.16288	2.783882784
6.16458	2.417582418
6.16628	2.515262515
6.16798	2.832722833
6.16968	2.466422466
6.17138	2.393162393
6.17308	2.612942613
6.17478	1.807081807
6.17648	2.148962149
6.17818	2.124542125
6.17988	2.661782662
6.18158	2.686202686
6.18328	2.612942613
6.18498	2.588522589
6.18668	2.417582418
6.18838	2.53968254
6.19008	2.295482295
6.19178	2.197802198
6.19348	2.515262515
6.19518	2.53968254
6.19688	2.393162393
6.19858	2.466422466
6.20028	2.393162393
6.20198	2.954822955
6.20368	2.295482295
6.20538	2.466422466
6.20708	2.393162393
6.20878	2.564102564
6.21048	2.246642247
6.21218	2.246642247
6.21388	2.466422466
6.21558	2.148962149
6.21728	3.003663004
6.21898	2.222222222
6.22068	2.515262515
6.22238	2.857142857
6.22408	2.710622711
6.22578	2.759462759
6.22748	2.686202686
6.22918	2.637362637
6.23088	2.53968254
6.23258	2.515262515
6.23428	2.31990232
6.23598	2.515262515
6.23768	2.148962149
6.23938	2.515262515
6.24108	2.442002442
6.24278	2.832722833
6.24448	2.686202686
6.24618	2.661782662
6.24788	2.368742369
6.24958	2.53968254
6.25128	2.148962149
6.25298	2.661782662
6.25468	2.124542125
6.25638	2.637362637
6.25808	2.466422466
6.25978	2.979242979
6.26148	2.783882784
6.26318	2.588522589
6.26488	2.710622711
6.26658	2.612942613
6.26828	2.783882784
6.26998	2.783882784
6.27168	2.53968254
6.27338	2.759462759
6.27508	2.393162393
6.27678	2.490842491
6.27848	2.53968254
6.28018	2.905982906
6.28188	2.93040293
6.28358	2.686202686
6.28528	2.954822955
6.28698	2.393162393
6.28868	2.979242979
6.29038	2.490842491
6.29208	2.564102564
6.29378	2.783882784
6.29548	2.515262515
6.29718	2.612942613
6.29888	2.148962149
6.30058	3.174603175
6.30228	2.832722833
6.30398	2.661782662
6.30568	3.028083028
6.30738	2.735042735
6.30908	2.979242979
6.31078	2.417582418
6.31248	2.637362637
6.31418	2.344322344
6.31588	2.490842491
6.31758	2.612942613
6.31928	2.832722833
6.32098	3.076923077
6.32268	2.686202686
6.32438	2.637362637
6.32608	2.271062271
6.32778	2.954822955
6.32948	2.808302808
6.33118	2.686202686
6.33288	2.881562882
6.33458	2.686202686
6.33628	2.686202686
6.33798	2.857142857
6.33968	2.564102564
6.34138	2.979242979
6.34308	2.759462759
6.34478	2.344322344
6.34648	2.637362637
6.34818	2.515262515
6.34988	2.295482295
6.35158	2.637362637
6.35328	2.53968254
6.35498	2.393162393
6.35668	2.686202686
6.35838	2.979242979
6.36008	2.564102564
6.36178	2.735042735
6.36348	2.832722833
6.36518	2.612942613
6.36688	2.564102564
6.36858	3.101343101
6.37028	2.783882784
6.37198	2.173382173
6.37368	2.368742369
6.37538	2.783882784
6.37708	2.832722833
6.37878	2.173382173
6.38048	2.905982906
6.38218	2.661782662
6.38388	2.393162393
6.38558	2.515262515
6.38728	2.393162393
6.38898	2.612942613
6.39068	2.564102564
6.39238	2.173382173
6.39408	2.344322344
6.39578	2.466422466
6.39748	3.028083028
6.39918	2.661782662
6.40088	2.735042735
6.40258	2.686202686
6.40428	2.588522589
6.40598	2.222222222
6.40768	2.93040293
6.40938	2.53968254
6.41108	2.197802198
6.41278	2.31990232
6.41448	2.588522589
6.41618	2.466422466
6.41788	2.393162393
6.41958	2.53968254
6.42128	2.564102564
6.42298	2.783882784
6.42468	2.735042735
6.42638	2.857142857
6.42808	2.710622711
6.42978	2.759462759
6.43148	2.344322344
6.43318	2.490842491
6.43488	2.564102564
6.43658	2.905982906
6.43828	2.490842491
6.43998	2.515262515
6.44168	2.954822955
6.44338	2.759462759
6.44508	2.564102564
6.44678	2.490842491
6.44848	2.93040293
6.45018	2.588522589
6.45188	2.417582418
6.45358	2.295482295
6.45528	2.564102564
6.45698	2.710622711
6.45868	2.222222222
6.46038	2.637362637
6.46208	2.93040293
6.46378	2.612942613
6.46548	3.028083028
6.46718	2.808302808
6.46888	2.979242979
6.47058	2.564102564
6.47228	2.393162393
6.47398	2.466422466
6.47568	2.490842491
6.47738	2.53968254
6.47908	2.515262515
6.48078	2.808302808
6.48248	2.661782662
6.48418	2.954822955
6.48588	2.93040293
6.48758	2.93040293
6.48928	2.905982906
6.49098	2.686202686
6.49268	2.295482295
6.49438	2.197802198
6.49608	2.637362637
6.49778	2.686202686
6.49948	2.905982906
6.50118	2.637362637
6.50288	2.661782662
6.50458	2.588522589
6.50628	2.759462759
6.50798	2.954822955
6.50968	2.710622711
6.51138	2.393162393
6.51308	2.612942613
6.51478	2.637362637
6.51648	2.393162393
6.51818	2.564102564
6.51988	3.125763126
6.52158	3.076923077
6.52328	2.53968254
6.52498	3.15018315
6.52668	2.588522589
6.52838	2.832722833
6.53008	2.490842491
6.53178	2.53968254
6.53348	2.148962149
6.53518	2.31990232
6.53688	2.710622711
6.53858	2.564102564
6.54028	2.881562882
6.54198	2.686202686
6.54368	2.686202686
6.54538	2.564102564
6.54708	2.832722833
6.54878	2.661782662
6.55048	2.53968254
6.55218	2.53968254
6.55388	2.564102564
6.55558	2.686202686
6.55728	2.515262515
6.55898	2.466422466
6.56068	2.735042735
6.56238	2.588522589
6.56408	2.246642247
6.56578	2.686202686
6.56748	2.832722833
6.56918	2.857142857
6.57088	2.295482295
6.57258	2.368742369
6.57428	2.295482295
6.57598	2.515262515
6.57768	2.783882784
6.57938	2.661782662
6.58108	2.442002442
6.58278	2.393162393
6.58448	2.686202686
6.58618	2.466422466
6.58788	2.857142857
6.58958	2.466422466
6.59128	2.148962149
6.59298	2.246642247
6.59468	2.515262515
6.59638	2.393162393
6.59808	2.588522589
6.59978	2.905982906
6.60148	2.417582418
6.60318	2.710622711
6.60488	2.637362637
6.60658	2.197802198
6.60828	2.173382173
6.60998	2.515262515
6.61168	2.002442002
6.61338	2.417582418
6.61508	2.466422466
6.61678	2.612942613
6.61848	2.344322344
6.62018	2.564102564
6.62188	2.759462759
6.62358	2.93040293
6.62528	2.588522589
6.62698	2.417582418
6.62868	2.686202686
6.63038	2.490842491
6.63208	2.271062271
6.63378	2.344322344
6.63548	2.417582418
6.63718	2.93040293
6.63888	2.759462759
6.64058	2.979242979
6.64228	2.783882784
6.64398	2.783882784
6.64568	2.368742369
6.64738	2.53968254
6.64908	2.979242979
6.65078	2.026862027
6.65248	2.368742369
6.65418	2.515262515
6.65588	2.759462759
6.65758	2.124542125
6.65928	2.588522589
6.66098	2.661782662
6.66268	2.637362637
6.66438	2.637362637
6.66608	2.295482295
6.66778	2.564102564
6.66948	2.53968254
6.67118	2.417582418
6.67288	2.31990232
6.67458	2.1001221
6.67628	2.271062271
6.67798	2.442002442
6.67968	2.344322344
6.68138	2.954822955
6.68308	2.759462759
6.68478	2.783882784
6.68648	1.929181929
6.68818	2.881562882
6.68988	2.124542125
6.69158	2.124542125
6.69328	2.832722833
6.69498	2.515262515
6.69668	2.735042735
6.69838	2.490842491
6.70008	2.53968254
6.70178	2.515262515
6.70348	2.710622711
6.70518	2.417582418
6.70688	2.637362637
6.70858	2.759462759
6.71028	2.026862027
6.71198	2.368742369
6.71368	2.222222222
6.71538	2.515262515
6.71708	2.53968254
6.71878	2.344322344
6.72048	2.710622711
6.72218	2.857142857
6.72388	2.564102564
6.72558	1.978021978
6.72728	2.368742369
6.72898	2.393162393
6.73068	2.173382173
6.73238	2.393162393
6.73408	2.759462759
6.73578	2.612942613
6.73748	2.515262515
6.73918	2.53968254
6.74088	2.857142857
6.74258	2.368742369
6.74428	2.53968254
6.74598	2.393162393
6.74768	2.344322344
6.74938	2.295482295
6.75108	2.051282051
6.75278	2.344322344
6.75448	2.368742369
6.75618	3.028083028
6.75788	2.368742369
6.75958	2.954822955
6.76128	2.466422466
6.76298	2.905982906
6.76468	2.564102564
6.76638	1.855921856
6.76808	2.368742369
6.76978	2.222222222
6.77148	2.393162393
6.77318	2.075702076
6.77488	2.295482295
6.77658	2.417582418
6.77828	2.368742369
6.77998	2.344322344
6.78168	2.53968254
6.78338	2.661782662
6.78508	2.515262515
6.78678	2.344322344
6.78848	2.466422466
6.79018	2.197802198
6.79188	2.393162393
6.79358	2.417582418
6.79528	2.368742369
6.79698	2.53968254
6.79868	2.271062271
6.80038	2.148962149
6.80208	2.661782662
6.80378	2.344322344
6.80548	2.295482295
6.80718	2.1001221
6.80888	2.832722833
6.81058	2.368742369
6.81228	2.222222222
6.81398	2.002442002
6.81568	2.490842491
6.81738	2.368742369
6.81908	2.026862027
6.82078	2.661782662
6.82248	2.442002442
6.82418	2.1001221
6.82588	1.929181929
6.82758	2.246642247
6.82928	2.393162393
6.83098	2.075702076
6.83268	2.173382173
6.83438	2.173382173
6.83608	2.246642247
6.83778	2.295482295
6.83948	2.31990232
6.84118	2.564102564
6.84288	2.197802198
6.84458	2.173382173
6.84628	2.393162393
6.84798	2.612942613
6.84968	2.124542125
6.85138	1.953601954
6.85308	2.246642247
6.85478	2.271062271
6.85648	2.466422466
6.85818	2.124542125
6.85988	2.564102564
6.86158	2.490842491
6.86328	2.368742369
6.86498	2.686202686
6.86668	2.564102564
6.86838	2.295482295
6.87008	2.197802198
6.87178	2.564102564
6.87348	2.442002442
6.87518	2.490842491
6.87688	2.686202686
6.87858	2.344322344
6.88028	2.246642247
6.88198	2.588522589
6.88368	2.588522589
6.88538	2.1001221
6.88708	1.831501832
6.88878	2.271062271
6.89048	2.31990232
6.89218	1.953601954
6.89388	2.197802198
6.89558	2.442002442
6.89728	2.53968254
6.89898	2.271062271
6.90068	2.368742369
6.90238	2.490842491
6.90408	2.442002442
6.90578	2.1001221
6.90748	2.295482295
6.90918	2.197802198
6.91088	2.246642247
6.91258	2.173382173
6.91428	2.222222222
6.91598	2.515262515
6.91768	2.075702076
6.91938	2.026862027
6.92108	2.417582418
6.92278	2.271062271
6.92448	2.222222222
6.92618	2.026862027
6.92788	1.929181929
6.92958	2.173382173
6.93128	2.222222222
6.93298	1.929181929
6.93468	1.904761905
6.93638	2.53968254
6.93808	2.393162393
6.93978	2.148962149
6.94148	2.1001221
6.94318	2.466422466
6.94488	2.173382173
6.94658	2.1001221
6.94828	1.953601954
6.94998	2.026862027
6.95168	1.855921856
6.95338	2.1001221
6.95508	2.490842491
6.95678	2.051282051
6.95848	1.855921856
6.96018	2.271062271
6.96188	2.246642247
6.96358	2.417582418
6.96528	1.758241758
6.96698	1.831501832
6.96868	2.466422466
6.97038	2.124542125
6.97208	2.222222222
6.97378	2.1001221
6.97548	2.466422466
6.97718	2.246642247
6.97888	2.148962149
6.98058	2.222222222
6.98228	1.758241758
6.98398	2.246642247
6.98568	1.929181929
6.98738	1.831501832
6.98908	2.271062271
6.99078	2.173382173
6.99248	1.904761905
6.99418	1.88034188
6.99588	2.515262515
6.99758	1.88034188
6.99928	2.246642247
