Bruker BioSpin GmbH: the minispec
DataType=5
DataLimits=32.4651,16614.9,512
DataUnit=ms,%
c:\nmr relaxation\applications\ak\t2_cpmg.app
28.09.2024 12:05:10

32.46508	69.4017094
64.91598	67.93650794
97.36688	66.4957265
129.81778	65.15262515
162.26868	63.83394383
194.71958	62.46642247
227.17048	61.22100122
259.62138	59.97557998
292.07228	58.73015873
324.52318	57.53357753
356.97408	56.36141636
389.42498	55.21367521
421.87588	54.09035409
454.32678	52.94261294
486.77768	51.86813187
519.22858	50.84249084
551.67948	49.76800977
584.13038	48.76678877
616.58128	47.76556777
649.03218	46.81318681
681.48308	45.83638584
713.93398	44.93284493
746.38488	43.98046398
778.83578	43.12576313
811.28668	42.27106227
843.73758	41.36752137
876.18848	40.53724054
908.63938	39.70695971
941.09028	38.9010989
973.54118	38.11965812
1005.99208	37.33821734
1038.44298	36.58119658
1070.89388	35.84859585
1103.34478	35.11599512
1135.79568	34.38339438
1168.24658	33.6996337
1200.69748	33.01587302
1233.14838	32.38095238
1265.59928	31.72161172
1298.05018	31.06227106
1330.50108	30.42735043
1362.95198	29.84126984
1395.40288	29.23076923
1427.85378	28.64468864
1460.30468	28.08302808
1492.75558	27.47252747
1525.20648	26.95970696
1557.65738	26.3980464
1590.10828	25.88522589
1622.55918	25.34798535
1655.01008	24.85958486
1687.46098	24.34676435
1719.91188	23.88278388
1752.36278	23.36996337
1784.81368	22.93040293
1817.26458	22.46642247
1849.71548	22.02686203
1882.16638	21.56288156
1914.61728	21.14774115
1947.06818	20.73260073
1979.51908	20.29304029
2011.96998	19.87789988
2044.42088	19.53601954
2076.87178	19.0964591
2109.32268	18.73015873
2141.77358	18.33943834
2174.22448	17.997558
2206.67538	17.63125763
2239.12628	17.28937729
2271.57718	16.92307692
2304.02808	16.60561661
2336.47898	16.26373626
2368.92988	15.94627595
2401.38078	15.62881563
2433.83168	15.33577534
2466.28258	14.99389499
2498.73348	14.72527473
2531.18438	14.43223443
2563.63528	14.13919414
2596.08618	13.84615385
2628.53708	13.57753358
2660.98798	13.33333333
2693.43888	13.06471306
2725.88978	12.74725275
2758.34068	12.52747253
2790.79158	12.30769231
2823.24248	12.06349206
2855.69338	11.79487179
2888.14428	11.57509158
2920.59518	11.33089133
2953.04608	11.11111111
2985.49698	10.91575092
3017.94788	10.67155067
3050.39878	10.47619048
3082.84968	10.25641026
3115.30058	10.03663004
3147.75148	9.865689866
3180.20238	9.67032967
3212.65328	9.474969475
3245.10418	9.27960928
3277.55508	9.108669109
3310.00598	8.888888889
3342.45688	8.742368742
3374.90778	8.571428571
3407.35868	8.4004884
3439.80958	8.253968254
3472.26048	8.058608059
3504.71138	7.887667888
3537.16228	7.765567766
3569.61318	7.594627595
3602.06408	7.423687424
3634.51498	7.301587302
3666.96588	7.155067155
3699.41678	7.008547009
3731.86768	6.886446886
3764.31858	6.788766789
3796.76948	6.617826618
3829.22038	6.446886447
3861.67128	6.349206349
3894.12218	6.227106227
3926.57308	6.105006105
3959.02398	5.982905983
3991.47488	5.836385836
4023.92578	5.738705739
4056.37668	5.641025641
4088.82758	5.543345543
4121.27848	5.396825397
4153.72938	5.274725275
4186.18028	5.225885226
4218.63118	5.079365079
4251.08208	5.006105006
4283.53298	4.85958486
4315.98388	4.786324786
4348.43478	4.688644689
4380.88568	4.615384615
4413.33658	4.517704518
4445.78748	4.42002442
4478.23838	4.322344322
4510.68928	4.249084249
4543.14018	4.151404151
4575.59108	4.053724054
4608.04198	4.004884005
4640.49288	3.907203907
4672.94378	3.882783883
4705.39468	3.736263736
4737.84558	3.663003663
4770.29648	3.614163614
4802.74738	3.540903541
4835.19828	3.467643468
4867.64918	3.394383394
4900.10008	3.321123321
4932.55098	3.321123321
4965.00188	3.223443223
4997.45278	3.15018315
5029.90368	3.052503053
5062.35458	3.028083028
5094.80548	2.954822955
5127.25638	2.905982906
5159.70728	2.857142857
5192.15818	2.783882784
5224.60908	2.735042735
5257.05998	2.686202686
5289.51088	2.637362637
5321.96178	2.588522589
5354.41268	2.53968254
5386.86358	2.466422466
5419.31448	2.417582418
5451.76538	2.368742369
5484.21628	2.31990232
5516.66718	2.271062271
5549.11808	2.246642247
5581.56898	2.197802198
5614.01988	2.148962149
5646.47078	2.075702076
5678.92168	2.075702076
5711.37258	2.026862027
5743.82348	2.002442002
5776.27438	1.953601954
5808.72528	1.904761905
5841.17618	1.831501832
5873.62708	1.855921856
5906.07798	1.782661783
5938.52888	1.733821734
5970.97978	1.709401709
6003.43068	1.660561661
6035.88158	1.611721612
6068.33248	1.611721612
6100.78338	1.562881563
6133.23428	1.514041514
6165.68518	1.48962149
6198.13608	1.48962149
6230.58698	1.416361416
6263.03788	1.391941392
6295.48878	1.391941392
6327.93968	1.343101343
6360.39058	1.343101343
6392.84148	1.294261294
6425.29238	1.26984127
6457.74328	1.26984127
6490.19418	1.196581197
6522.64508	1.196581197
6555.09598	1.196581197
6587.54688	1.123321123
6619.99778	1.123321123
6652.44868	1.074481074
6684.89958	1.025641026
6717.35048	1.025641026
6749.80138	1.05006105
6782.25228	1.001221001
6814.70318	0.9523809524
6847.15408	0.9768009768
6879.60498	0.927960928
6912.05588	0.9035409035
6944.50678	0.8547008547
6976.95768	0.8547008547
7009.40858	0.8547008547
7041.85948	0.8302808303
7074.31038	0.8058608059
7106.76128	0.8058608059
7139.21218	0.757020757
7171.66308	0.7326007326
7204.11398	0.7081807082
7236.56488	0.757020757
7269.01578	0.7326007326
7301.46668	0.7081807082
7333.91758	0.6837606838
7366.36848	0.6593406593
7398.81938	0.6105006105
7431.27028	0.6105006105
7463.72118	0.6349206349
7496.17208	0.5616605617
7528.62298	0.5860805861
7561.07388	0.5616605617
7593.52478	0.5616605617
7625.97568	0.5616605617
7658.42658	0.5128205128
7690.87748	0.5128205128
7723.32838	0.4884004884
7755.77928	0.5128205128
7788.23018	0.5128205128
7820.68108	0.463980464
7853.13198	0.463980464
7885.58288	0.4395604396
7918.03378	0.4395604396
7950.48468	0.4395604396
7982.93558	0.4151404151
8015.38648	0.3907203907
8047.83738	0.3907203907
8080.28828	0.3663003663
8112.73918	0.3418803419
8145.19008	0.3663003663
8177.64098	0.3418803419
8210.09188	0.3418803419
8242.54278	0.3174603175
8274.99368	0.3174603175
8307.44458	0.293040293
8339.89548	0.3174603175
8372.34638	0.293040293
8404.79728	0.3174603175
8437.24818	0.293040293
8469.69908	0.2442002442
8502.14998	0.2442002442
8534.60088	0.2686202686
8567.05178	0.1953601954
8599.50268	0.2197802198
8631.95358	0.2197802198
8664.40448	0.2197802198
8696.85538	0.2197802198
8729.30628	0.1709401709
8761.75718	0.1953601954
8794.20808	0.1709401709
8826.65898	0.1709401709
8859.10988	0.1953601954
8891.56078	0.1709401709
8924.01168	0.1709401709
8956.46258	0.1709401709
8988.91348	0.1709401709
9021.36438	0.1465201465
9053.81528	0.1221001221
9086.26618	0.09768009768
9118.71708	0.1221001221
9151.16798	0.1221001221
9183.61888	0.1221001221
9216.06978	0.1221001221
9248.52068	0.09768009768
9280.97158	0.09768009768
9313.42248	0.09768009768
9345.87338	0.09768009768
9378.32428	0.09768009768
9410.77518	0.09768009768
9443.22608	0.07326007326
9475.67698	0.07326007326
9508.12788	0.04884004884
9540.57878	0.04884004884
9573.02968	0.07326007326
9605.48058	0.04884004884
9637.93148	0.02442002442
9670.38238	0.02442002442
9702.83328	0.02442002442
9735.28418	0.02442002442
9767.73508	0.04884004884
9800.18598	0
9832.63688	0.02442002442
9865.08778	0.02442002442
9897.53868	0.02442002442
9929.98958	0
9962.44048	0
9994.89138	0
10027.34228	0
10059.79318	0
10092.24408	0
10124.69498	0
10157.14588	0
10189.59678	0
10222.04768	0
10254.49858	0
10286.94948	0
10319.40038	0
10351.85128	0
10384.30218	-0.02442002442
10416.75308	0
10449.20398	0
10481.65488	0
10514.10578	0
10546.55668	-0.02442002442
10579.00758	0
10611.45848	-0.02442002442
10643.90938	0
10676.36028	-0.02442002442
10708.81118	0
10741.26208	-0.04884004884
10773.71298	-0.04884004884
10806.16388	-0.02442002442
10838.61478	-0.02442002442
10871.06568	-0.07326007326
10903.51658	-0.07326007326
10935.96748	-0.04884004884
10968.41838	-0.02442002442
11000.86928	-0.04884004884
11033.32018	-0.07326007326
11065.77108	-0.04884004884
11098.22198	-0.04884004884
11130.67288	-0.04884004884
11163.12378	-0.07326007326
11195.57468	-0.04884004884
11228.02558	-0.04884004884
11260.47648	-0.07326007326
11292.92738	-0.07326007326
11325.37828	-0.04884004884
11357.82918	-0.07326007326
11390.28008	-0.07326007326
11422.73098	-0.04884004884
11455.18188	-0.04884004884
11487.63278	-0.07326007326
11520.08368	-0.07326007326
11552.53458	-0.07326007326
11584.98548	-0.07326007326
11617.43638	-0.07326007326
11649.88728	-0.09768009768
11682.33818	-0.09768009768
11714.78908	-0.09768009768
11747.23998	-0.07326007326
11779.69088	-0.07326007326
11812.14178	-0.07326007326
11844.59268	-0.07326007326
11877.04358	-0.09768009768
11909.49448	-0.09768009768
11941.94538	-0.09768009768
11974.39628	-0.09768009768
12006.84718	-0.09768009768
12039.29808	-0.1221001221
12071.74898	-0.09768009768
12104.19988	-0.07326007326
12136.65078	-0.09768009768
12169.10168	-0.09768009768
12201.55258	-0.1221001221
12234.00348	-0.09768009768
12266.45438	-0.09768009768
12298.90528	-0.09768009768
12331.35618	-0.09768009768
12363.80708	-0.09768009768
12396.25798	-0.1221001221
12428.70888	-0.09768009768
12461.15978	-0.07326007326
12493.61068	-0.09768009768
12526.06158	-0.1221001221
12558.51248	-0.1465201465
12590.96338	-0.1221001221
12623.41428	-0.1221001221
12655.86518	-0.1221001221
12688.31608	-0.1221001221
12720.76698	-0.1221001221
12753.21788	-0.1221001221
12785.66878	-0.1221001221
12818.11968	-0.1221001221
12850.57058	-0.1465201465
12883.02148	-0.1221001221
12915.47238	-0.1221001221
12947.92328	-0.09768009768
12980.37418	-0.1221001221
13012.82508	-0.1221001221
13045.27598	-0.09768009768
13077.72688	-0.1465201465
13110.17778	-0.1221001221
13142.62868	-0.09768009768
13175.07958	-0.1465201465
13207.53048	-0.09768009768
13239.98138	-0.1221001221
13272.43228	-0.1465201465
13304.88318	-0.1221001221
13337.33408	-0.09768009768
13369.78498	-0.09768009768
13402.23588	-0.1465201465
13434.68678	-0.07326007326
13467.13768	-0.1465201465
13499.58858	-0.1465201465
13532.03948	-0.1465201465
13564.49038	-0.1221001221
13596.94128	-0.1465201465
13629.39218	-0.1221001221
13661.84308	-0.1465201465
13694.29398	-0.09768009768
13726.74488	-0.1221001221
13759.19578	-0.09768009768
13791.64668	-0.1465201465
13824.09758	-0.1465201465
13856.54848	-0.1465201465
13888.99938	-0.1221001221
13921.45028	-0.1465201465
13953.90118	-0.1465201465
13986.35208	-0.1465201465
14018.80298	-0.1465201465
14051.25388	-0.1221001221
14083.70478	-0.1465201465
14116.15568	-0.1221001221
14148.60658	-0.1465201465
14181.05748	-0.1221001221
14213.50838	-0.1465201465
14245.95928	-0.1221001221
14278.41018	-0.1465201465
14310.86108	-0.1221001221
14343.31198	-0.1221001221
14375.76288	-0.1221001221
14408.21378	-0.1221001221
14440.66468	-0.1221001221
14473.11558	-0.1709401709
14505.56648	-0.09768009768
14538.01738	-0.1465201465
14570.46828	-0.1221001221
14602.91918	-0.1465201465
14635.37008	-0.1221001221
14667.82098	-0.1465201465
14700.27188	-0.1465201465
14732.72278	-0.1709401709
14765.17368	-0.1221001221
14797.62458	-0.1465201465
14830.07548	-0.1709401709
14862.52638	-0.1465201465
14894.97728	-0.1221001221
14927.42818	-0.1465201465
14959.87908	-0.1709401709
14992.32998	-0.1709401709
15024.78088	-0.1221001221
15057.23178	-0.1465201465
15089.68268	-0.1465201465
15122.13358	-0.1465201465
15154.58448	-0.1465201465
15187.03538	-0.1465201465
15219.48628	-0.1709401709
15251.93718	-0.1465201465
15284.38808	-0.1465201465
15316.83898	-0.1221001221
15349.28988	-0.1465201465
15381.74078	-0.1465201465
15414.19168	-0.1709401709
15446.64258	-0.1221001221
15479.09348	-0.1709401709
15511.54438	-0.1465201465
15543.99528	-0.1465201465
15576.44618	-0.1953601954
15608.89708	-0.1709401709
15641.34798	-0.1465201465
15673.79888	-0.1465201465
15706.24978	-0.1709401709
15738.70068	-0.1709401709
15771.15158	-0.1465201465
15803.60248	-0.1465201465
15836.05338	-0.1465201465
15868.50428	-0.1953601954
15900.95518	-0.1465201465
15933.40608	-0.1465201465
15965.85698	-0.1465201465
15998.30788	-0.1221001221
16030.75878	-0.1465201465
16063.20968	-0.1709401709
16095.66058	-0.1709401709
16128.11148	-0.1709401709
16160.56238	-0.1221001221
16193.01328	-0.1709401709
16225.46418	-0.1221001221
16257.91508	-0.1709401709
16290.36598	-0.1465201465
16322.81688	-0.1465201465
16355.26778	-0.1465201465
16387.71868	-0.1465201465
16420.16958	-0.1709401709
16452.62048	-0.1709401709
16485.07138	-0.1465201465
16517.52228	-0.1709401709
16549.97318	-0.1709401709
16582.42408	-0.1709401709
16614.87498	-0.1709401709
