Bruker BioSpin GmbH: the minispec
DataType=5
DataLimits=32.4651,16614.9,512
DataUnit=ms,%
c:\nmr relaxation\applications\ak\t2_cpmg.app
28.09.2024 12:07:31

32.46508	69.03540904
64.91598	67.25274725
97.36688	65.54334554
129.81778	63.90720391
162.26868	62.34432234
194.71958	60.80586081
227.17048	59.36507937
259.62138	57.92429792
292.07228	56.53235653
324.52318	55.18925519
356.97408	53.89499389
389.42498	52.6007326
421.87588	51.35531136
454.32678	50.18315018
486.77768	48.98656899
519.22858	47.83882784
551.67948	46.78876679
584.13038	45.68986569
616.58128	44.66422466
649.03218	43.61416361
681.48308	42.63736264
713.93398	41.68498168
746.38488	40.73260073
778.83578	39.8046398
811.28668	38.92551893
843.73758	38.04639805
876.18848	37.21611722
908.63938	36.38583639
941.09028	35.57997558
973.54118	34.74969475
1005.99208	33.99267399
1038.44298	33.23565324
1070.89388	32.52747253
1103.34478	31.79487179
1135.79568	31.13553114
1168.24658	30.42735043
1200.69748	29.76800977
1233.14838	29.13308913
1265.59928	28.4981685
1298.05018	27.88766789
1330.50108	27.25274725
1362.95198	26.66666667
1395.40288	26.08058608
1427.85378	25.51892552
1460.30468	24.98168498
1492.75558	24.44444444
1525.20648	23.93162393
1557.65738	23.39438339
1590.10828	22.90598291
1622.55918	22.41758242
1655.01008	21.88034188
1687.46098	21.46520147
1719.91188	21.001221
1752.36278	20.53724054
1784.81368	20.07326007
1817.26458	19.65811966
1849.71548	19.24297924
1882.16638	18.82783883
1914.61728	18.41269841
1947.06818	18.04639805
1979.51908	17.68009768
2011.96998	17.28937729
2044.42088	16.92307692
2076.87178	16.55677656
2109.32268	16.19047619
2141.77358	15.82417582
2174.22448	15.50671551
2206.67538	15.18925519
2239.12628	14.87179487
2271.57718	14.52991453
2304.02808	14.21245421
2336.47898	13.94383394
2368.92988	13.62637363
2401.38078	13.35775336
2433.83168	13.06471306
2466.28258	12.77167277
2498.73348	12.5030525
2531.18438	12.25885226
2563.63528	11.99023199
2596.08618	11.74603175
2628.53708	11.5018315
2660.98798	11.25763126
2693.43888	10.98901099
2725.88978	10.79365079
2758.34068	10.54945055
2790.79158	10.30525031
2823.24248	10.08547009
2855.69338	9.914529915
2888.14428	9.694749695
2920.59518	9.474969475
2953.04608	9.27960928
2985.49698	9.108669109
3017.94788	8.913308913
3050.39878	8.693528694
3082.84968	8.498168498
3115.30058	8.351648352
3147.75148	8.156288156
3180.20238	8.00976801
3212.65328	7.838827839
3245.10418	7.692307692
3277.55508	7.472527473
3310.00598	7.326007326
3342.45688	7.179487179
3374.90778	7.032967033
3407.35868	6.886446886
3439.80958	6.73992674
3472.26048	6.593406593
3504.71138	6.446886447
3537.16228	6.324786325
3569.61318	6.178266178
3602.06408	6.056166056
3634.51498	5.934065934
3666.96588	5.811965812
3699.41678	5.665445665
3731.86768	5.567765568
3764.31858	5.445665446
3796.76948	5.299145299
3829.22038	5.201465201
3861.67128	5.079365079
3894.12218	4.981684982
3926.57308	4.85958486
3959.02398	4.761904762
3991.47488	4.63980464
4023.92578	4.566544567
4056.37668	4.493284493
4088.82758	4.371184371
4121.27848	4.273504274
4153.72938	4.175824176
4186.18028	4.078144078
4218.63118	4.004884005
4251.08208	3.907203907
4283.53298	3.858363858
4315.98388	3.760683761
4348.43478	3.711843712
4380.88568	3.614163614
4413.33658	3.540903541
4445.78748	3.467643468
4478.23838	3.36996337
4510.68928	3.321123321
4543.14018	3.223443223
4575.59108	3.15018315
4608.04198	3.076923077
4640.49288	3.028083028
4672.94378	2.954822955
4705.39468	2.881562882
4737.84558	2.857142857
4770.29648	2.759462759
4802.74738	2.710622711
4835.19828	2.637362637
4867.64918	2.588522589
4900.10008	2.53968254
4932.55098	2.466422466
4965.00188	2.393162393
4997.45278	2.368742369
5029.90368	2.31990232
5062.35458	2.222222222
5094.80548	2.222222222
5127.25638	2.148962149
5159.70728	2.1001221
5192.15818	2.075702076
5224.60908	2.026862027
5257.05998	1.953601954
5289.51088	1.929181929
5321.96178	1.88034188
5354.41268	1.855921856
5386.86358	1.807081807
5419.31448	1.733821734
5451.76538	1.709401709
5484.21628	1.660561661
5516.66718	1.660561661
5549.11808	1.611721612
5581.56898	1.562881563
5614.01988	1.538461538
5646.47078	1.514041514
5678.92168	1.48962149
5711.37258	1.416361416
5743.82348	1.416361416
5776.27438	1.367521368
5808.72528	1.318681319
5841.17618	1.26984127
5873.62708	1.294261294
5906.07798	1.221001221
5938.52888	1.245421245
5970.97978	1.172161172
6003.43068	1.147741148
6035.88158	1.147741148
6068.33248	1.098901099
6100.78338	1.098901099
6133.23428	1.05006105
6165.68518	1.001221001
6198.13608	1.001221001
6230.58698	0.9523809524
6263.03788	0.927960928
6295.48878	0.927960928
6327.93968	0.8791208791
6360.39058	0.8547008547
6392.84148	0.8547008547
6425.29238	0.8302808303
6457.74328	0.7814407814
6490.19418	0.7814407814
6522.64508	0.7326007326
6555.09598	0.7081807082
6587.54688	0.7326007326
6619.99778	0.7081807082
6652.44868	0.6837606838
6684.89958	0.6593406593
6717.35048	0.6593406593
6749.80138	0.6349206349
6782.25228	0.6349206349
6814.70318	0.6105006105
6847.15408	0.5860805861
6879.60498	0.5372405372
6912.05588	0.5616605617
6944.50678	0.5128205128
6976.95768	0.5372405372
7009.40858	0.5128205128
7041.85948	0.5128205128
7074.31038	0.4884004884
7106.76128	0.463980464
7139.21218	0.4151404151
7171.66308	0.4151404151
7204.11398	0.4395604396
7236.56488	0.3663003663
7269.01578	0.4151404151
7301.46668	0.3663003663
7333.91758	0.3663003663
7366.36848	0.3174603175
7398.81938	0.3174603175
7431.27028	0.3418803419
7463.72118	0.3174603175
7496.17208	0.3174603175
7528.62298	0.3174603175
7561.07388	0.2686202686
7593.52478	0.2442002442
7625.97568	0.2686202686
7658.42658	0.2442002442
7690.87748	0.2442002442
7723.32838	0.2197802198
7755.77928	0.2197802198
7788.23018	0.1953601954
7820.68108	0.1709401709
7853.13198	0.1953601954
7885.58288	0.1465201465
7918.03378	0.1709401709
7950.48468	0.1465201465
7982.93558	0.1465201465
8015.38648	0.1709401709
8047.83738	0.1221001221
8080.28828	0.1221001221
8112.73918	0.1221001221
8145.19008	0.1221001221
8177.64098	0.1221001221
8210.09188	0.09768009768
8242.54278	0.07326007326
8274.99368	0.09768009768
8307.44458	0.07326007326
8339.89548	0.07326007326
8372.34638	0.04884004884
8404.79728	0.04884004884
8437.24818	0.04884004884
8469.69908	0.04884004884
8502.14998	0.02442002442
8534.60088	0
8567.05178	0
8599.50268	0.02442002442
8631.95358	0.02442002442
8664.40448	0.02442002442
8696.85538	0
8729.30628	0.02442002442
8761.75718	0
8794.20808	0
8826.65898	0
8859.10988	0
8891.56078	0
8924.01168	0
8956.46258	0
8988.91348	0
9021.36438	0
9053.81528	0
9086.26618	0
9118.71708	0
9151.16798	0
9183.61888	0
9216.06978	0
9248.52068	-0.02442002442
9280.97158	-0.04884004884
9313.42248	-0.04884004884
9345.87338	-0.02442002442
9378.32428	-0.07326007326
9410.77518	-0.04884004884
9443.22608	-0.02442002442
9475.67698	-0.04884004884
9508.12788	-0.04884004884
9540.57878	-0.07326007326
9573.02968	-0.04884004884
9605.48058	-0.07326007326
9637.93148	-0.04884004884
9670.38238	-0.07326007326
9702.83328	-0.07326007326
9735.28418	-0.07326007326
9767.73508	-0.09768009768
9800.18598	-0.04884004884
9832.63688	-0.07326007326
9865.08778	-0.09768009768
9897.53868	-0.09768009768
9929.98958	-0.09768009768
9962.44048	-0.07326007326
9994.89138	-0.09768009768
10027.34228	-0.09768009768
10059.79318	-0.09768009768
10092.24408	-0.1221001221
10124.69498	-0.1221001221
10157.14588	-0.09768009768
10189.59678	-0.09768009768
10222.04768	-0.1221001221
10254.49858	-0.1221001221
10286.94948	-0.09768009768
10319.40038	-0.09768009768
10351.85128	-0.1221001221
10384.30218	-0.1709401709
10416.75308	-0.1221001221
10449.20398	-0.1221001221
10481.65488	-0.1221001221
10514.10578	-0.1465201465
10546.55668	-0.1221001221
10579.00758	-0.1465201465
10611.45848	-0.1709401709
10643.90938	-0.1465201465
10676.36028	-0.1709401709
10708.81118	-0.1465201465
10741.26208	-0.1465201465
10773.71298	-0.1465201465
10806.16388	-0.1221001221
10838.61478	-0.1465201465
10871.06568	-0.1709401709
10903.51658	-0.1221001221
10935.96748	-0.1465201465
10968.41838	-0.1709401709
11000.86928	-0.1709401709
11033.32018	-0.1465201465
11065.77108	-0.1709401709
11098.22198	-0.1709401709
11130.67288	-0.1709401709
11163.12378	-0.1709401709
11195.57468	-0.1709401709
11228.02558	-0.1709401709
11260.47648	-0.1465201465
11292.92738	-0.1709401709
11325.37828	-0.1465201465
11357.82918	-0.1465201465
11390.28008	-0.1465201465
11422.73098	-0.1709401709
11455.18188	-0.1709401709
11487.63278	-0.1953601954
11520.08368	-0.1953601954
11552.53458	-0.1709401709
11584.98548	-0.1953601954
11617.43638	-0.1709401709
11649.88728	-0.1953601954
11682.33818	-0.1709401709
11714.78908	-0.1953601954
11747.23998	-0.1953601954
11779.69088	-0.1953601954
11812.14178	-0.1709401709
11844.59268	-0.1953601954
11877.04358	-0.1709401709
11909.49448	-0.1953601954
11941.94538	-0.1953601954
11974.39628	-0.1953601954
12006.84718	-0.1953601954
12039.29808	-0.1709401709
12071.74898	-0.1953601954
12104.19988	-0.1953601954
12136.65078	-0.1953601954
12169.10168	-0.1709401709
12201.55258	-0.1953601954
12234.00348	-0.1709401709
12266.45438	-0.1953601954
12298.90528	-0.1465201465
12331.35618	-0.1709401709
12363.80708	-0.2197802198
12396.25798	-0.1709401709
12428.70888	-0.1953601954
12461.15978	-0.1953601954
12493.61068	-0.2197802198
12526.06158	-0.1953601954
12558.51248	-0.2197802198
12590.96338	-0.1953601954
12623.41428	-0.1953601954
12655.86518	-0.2197802198
12688.31608	-0.2197802198
12720.76698	-0.1953601954
12753.21788	-0.1953601954
12785.66878	-0.2197802198
12818.11968	-0.1953601954
12850.57058	-0.2442002442
12883.02148	-0.2197802198
12915.47238	-0.1953601954
12947.92328	-0.1709401709
12980.37418	-0.2197802198
13012.82508	-0.2197802198
13045.27598	-0.2197802198
13077.72688	-0.2197802198
13110.17778	-0.1953601954
13142.62868	-0.2197802198
13175.07958	-0.1953601954
13207.53048	-0.1953601954
13239.98138	-0.2197802198
13272.43228	-0.1953601954
13304.88318	-0.2197802198
13337.33408	-0.1709401709
13369.78498	-0.1953601954
13402.23588	-0.1709401709
13434.68678	-0.2197802198
13467.13768	-0.1709401709
13499.58858	-0.2442002442
13532.03948	-0.1953601954
13564.49038	-0.2197802198
13596.94128	-0.2197802198
13629.39218	-0.2197802198
13661.84308	-0.2197802198
13694.29398	-0.2197802198
13726.74488	-0.1953601954
13759.19578	-0.1953601954
13791.64668	-0.1953601954
13824.09758	-0.1953601954
13856.54848	-0.1953601954
13888.99938	-0.1953601954
13921.45028	-0.2197802198
13953.90118	-0.2442002442
13986.35208	-0.1953601954
14018.80298	-0.2197802198
14051.25388	-0.1953601954
14083.70478	-0.1953601954
14116.15568	-0.2197802198
14148.60658	-0.2197802198
14181.05748	-0.1953601954
14213.50838	-0.2197802198
14245.95928	-0.1953601954
14278.41018	-0.1953601954
14310.86108	-0.1953601954
14343.31198	-0.2197802198
14375.76288	-0.1953601954
14408.21378	-0.1953601954
14440.66468	-0.1953601954
14473.11558	-0.2197802198
14505.56648	-0.1953601954
14538.01738	-0.2197802198
14570.46828	-0.2197802198
14602.91918	-0.2197802198
14635.37008	-0.1953601954
14667.82098	-0.1953601954
14700.27188	-0.1953601954
14732.72278	-0.1709401709
14765.17368	-0.1953601954
14797.62458	-0.1953601954
14830.07548	-0.2197802198
14862.52638	-0.1953601954
14894.97728	-0.2197802198
14927.42818	-0.2197802198
14959.87908	-0.2197802198
14992.32998	-0.1953601954
15024.78088	-0.1953601954
15057.23178	-0.2197802198
15089.68268	-0.1953601954
15122.13358	-0.1953601954
15154.58448	-0.1709401709
15187.03538	-0.2197802198
15219.48628	-0.2197802198
15251.93718	-0.1953601954
15284.38808	-0.1953601954
15316.83898	-0.1953601954
15349.28988	-0.1953601954
15381.74078	-0.1709401709
15414.19168	-0.2197802198
15446.64258	-0.2197802198
15479.09348	-0.2442002442
15511.54438	-0.2197802198
15543.99528	-0.1953601954
15576.44618	-0.1953601954
15608.89708	-0.1709401709
15641.34798	-0.1709401709
15673.79888	-0.2197802198
15706.24978	-0.2197802198
15738.70068	-0.1953601954
15771.15158	-0.1953601954
15803.60248	-0.1953601954
15836.05338	-0.2197802198
15868.50428	-0.1465201465
15900.95518	-0.2197802198
15933.40608	-0.1953601954
15965.85698	-0.1953601954
15998.30788	-0.1953601954
16030.75878	-0.1953601954
16063.20968	-0.2442002442
16095.66058	-0.2197802198
16128.11148	-0.2197802198
16160.56238	-0.1953601954
16193.01328	-0.1709401709
16225.46418	-0.2197802198
16257.91508	-0.1953601954
16290.36598	-0.1953601954
16322.81688	-0.1953601954
16355.26778	-0.1953601954
16387.71868	-0.1953601954
16420.16958	-0.2197802198
16452.62048	-0.1953601954
16485.07138	-0.1953601954
16517.52228	-0.2197802198
16549.97318	-0.2197802198
16582.42408	-0.1953601954
16614.87498	-0.1953601954
