Bruker BioSpin GmbH: the minispec
DataType=5
DataLimits=0.03778,6.99928,4096
DataUnit=Time/ms,Intensity/%
c:\program files\bruker the minispec\application pool demo\fid.app
28.09.2024 12:08:19

0.03778	141.4163614
0.03948	141.4163614
0.04118	141.4163614
0.04288	141.4163614
0.04458	141.4163614
0.04628	141.4163614
0.04798	141.4163614
0.04968	141.4163614
0.05138	141.4163614
0.05308	141.4163614
0.05478	141.4163614
0.05648	141.4163614
0.05818	141.4163614
0.05988	141.4163614
0.06158	141.4163614
0.06328	141.4163614
0.06498	141.4163614
0.06668	141.4163614
0.06838	141.4163614
0.07008	141.4163614
0.07178	141.4163614
0.07348	141.4163614
0.07518	141.4163614
0.07688	141.4163614
0.07858	141.4163614
0.08028	141.4163614
0.08198	141.4163614
0.08368	141.4163614
0.08538	141.4163614
0.08708	141.4163614
0.08878	141.4163614
0.09048	141.4163614
0.09218	141.4163614
0.09388	141.4163614
0.09558	141.4163614
0.09728	141.4163614
0.09898	141.4163614
0.10068	141.4163614
0.10238	141.4163614
0.10408	141.4163614
0.10578	141.4163614
0.10748	141.4163614
0.10918	141.4163614
0.11088	141.4163614
0.11258	141.4163614
0.11428	141.4163614
0.11598	141.4163614
0.11768	141.4163614
0.11938	141.4163614
0.12108	141.4163614
0.12278	141.4163614
0.12448	141.4163614
0.12618	141.4163614
0.12788	141.4163614
0.12958	141.4163614
0.13128	141.4163614
0.13298	141.4163614
0.13468	141.4163614
0.13638	141.4163614
0.13808	141.4163614
0.13978	141.4163614
0.14148	141.4163614
0.14318	141.4163614
0.14488	141.4163614
0.14658	141.4163614
0.14828	141.4163614
0.14998	141.4163614
0.15168	141.4163614
0.15338	141.4163614
0.15508	141.4163614
0.15678	141.4163614
0.15848	141.4163614
0.16018	141.4163614
0.16188	141.4163614
0.16358	141.4163614
0.16528	141.4163614
0.16698	141.4163614
0.16868	141.4163614
0.17038	141.4163614
0.17208	141.4163614
0.17378	141.4163614
0.17548	141.4163614
0.17718	141.4163614
0.17888	141.4163614
0.18058	141.4163614
0.18228	141.4163614
0.18398	141.4163614
0.18568	141.4163614
0.18738	141.4163614
0.18908	141.4163614
0.19078	141.4163614
0.19248	141.4163614
0.19418	141.4163614
0.19588	141.4163614
0.19758	141.4163614
0.19928	141.4163614
0.20098	141.4163614
0.20268	141.4163614
0.20438	141.4163614
0.20608	141.4163614
0.20778	141.4163614
0.20948	141.4163614
0.21118	141.4163614
0.21288	141.4163614
0.21458	141.4163614
0.21628	141.4163614
0.21798	141.4163614
0.21968	141.4163614
0.22138	141.4163614
0.22308	141.4163614
0.22478	141.4163614
0.22648	141.4163614
0.22818	141.4163614
0.22988	141.4163614
0.23158	141.4163614
0.23328	141.4163614
0.23498	141.4163614
0.23668	141.4163614
0.23838	141.4163614
0.24008	141.4163614
0.24178	141.4163614
0.24348	141.4163614
0.24518	141.4163614
0.24688	141.4163614
0.24858	141.4163614
0.25028	141.4163614
0.25198	141.4163614
0.25368	141.4163614
0.25538	141.4163614
0.25708	141.4163614
0.25878	141.4163614
0.26048	141.4163614
0.26218	141.4163614
0.26388	141.4163614
0.26558	141.4163614
0.26728	141.4163614
0.26898	141.4163614
0.27068	141.4163614
0.27238	141.4163614
0.27408	141.4163614
0.27578	141.4163614
0.27748	141.4163614
0.27918	141.4163614
0.28088	141.4163614
0.28258	141.4163614
0.28428	141.4163614
0.28598	141.4163614
0.28768	141.4163614
0.28938	141.4163614
0.29108	141.4163614
0.29278	141.4163614
0.29448	141.4163614
0.29618	141.4163614
0.29788	141.4163614
0.29958	141.4163614
0.30128	141.4163614
0.30298	141.4163614
0.30468	141.4163614
0.30638	141.4163614
0.30808	141.4163614
0.30978	141.4163614
0.31148	141.4163614
0.31318	141.4163614
0.31488	141.4163614
0.31658	141.4163614
0.31828	141.4163614
0.31998	141.4163614
0.32168	141.4163614
0.32338	141.4163614
0.32508	141.4163614
0.32678	141.4163614
0.32848	141.4163614
0.33018	141.4163614
0.33188	141.4163614
0.33358	141.4163614
0.33528	141.4163614
0.33698	141.4163614
0.33868	141.4163614
0.34038	141.4163614
0.34208	141.4163614
0.34378	141.4163614
0.34548	141.4163614
0.34718	141.4163614
0.34888	141.4163614
0.35058	141.4163614
0.35228	141.4163614
0.35398	141.4163614
0.35568	141.4163614
0.35738	141.4163614
0.35908	141.4163614
0.36078	141.4163614
0.36248	141.4163614
0.36418	141.4163614
0.36588	141.4163614
0.36758	141.4163614
0.36928	141.4163614
0.37098	141.4163614
0.37268	141.4163614
0.37438	141.4163614
0.37608	141.4163614
0.37778	141.4163614
0.37948	141.4163614
0.38118	141.4163614
0.38288	141.4163614
0.38458	141.4163614
0.38628	141.4163614
0.38798	141.4163614
0.38968	141.4163614
0.39138	141.4163614
0.39308	141.4163614
0.39478	141.4163614
0.39648	141.4163614
0.39818	141.4163614
0.39988	141.4163614
0.40158	141.4163614
0.40328	141.4163614
0.40498	141.4163614
0.40668	141.4163614
0.40838	141.4163614
0.41008	141.4163614
0.41178	141.4163614
0.41348	141.4163614
0.41518	141.4163614
0.41688	141.4163614
0.41858	141.4163614
0.42028	141.4163614
0.42198	141.4163614
0.42368	141.4163614
0.42538	141.4163614
0.42708	141.4163614
0.42878	141.4163614
0.43048	141.4163614
0.43218	141.4163614
0.43388	141.4163614
0.43558	141.4163614
0.43728	141.4163614
0.43898	141.4163614
0.44068	141.4163614
0.44238	141.4163614
0.44408	141.4163614
0.44578	141.4163614
0.44748	141.4163614
0.44918	141.4163614
0.45088	141.4163614
0.45258	141.4163614
0.45428	141.4163614
0.45598	141.4163614
0.45768	141.4163614
0.45938	141.4163614
0.46108	141.4163614
0.46278	141.4163614
0.46448	141.4163614
0.46618	141.4163614
0.46788	141.4163614
0.46958	141.4163614
0.47128	141.4163614
0.47298	141.4163614
0.47468	141.4163614
0.47638	141.4163614
0.47808	141.4163614
0.47978	141.4163614
0.48148	141.4163614
0.48318	141.4163614
0.48488	141.4163614
0.48658	141.4163614
0.48828	141.4163614
0.48998	141.4163614
0.49168	141.4163614
0.49338	141.4163614
0.49508	141.4163614
0.49678	141.4163614
0.49848	141.4163614
0.50018	141.4163614
0.50188	141.4163614
0.50358	141.4163614
0.50528	141.4163614
0.50698	141.4163614
0.50868	141.4163614
0.51038	141.4163614
0.51208	141.4163614
0.51378	141.4163614
0.51548	141.4163614
0.51718	141.4163614
0.51888	141.4163614
0.52058	141.4163614
0.52228	141.4163614
0.52398	141.4163614
0.52568	141.4163614
0.52738	141.4163614
0.52908	141.4163614
0.53078	141.4163614
0.53248	141.4163614
0.53418	141.4163614
0.53588	141.4163614
0.53758	141.4163614
0.53928	141.4163614
0.54098	141.4163614
0.54268	141.4163614
0.54438	141.4163614
0.54608	141.4163614
0.54778	141.4163614
0.54948	141.4163614
0.55118	141.4163614
0.55288	141.4163614
0.55458	141.4163614
0.55628	141.4163614
0.55798	141.4163614
0.55968	141.4163614
0.56138	141.4163614
0.56308	141.4163614
0.56478	141.4163614
0.56648	141.4163614
0.56818	141.4163614
0.56988	141.4163614
0.57158	141.3431013
0.57328	141.001221
0.57498	140.7081807
0.57668	140.1709402
0.57838	139.7069597
0.58008	139.4627595
0.58178	138.9499389
0.58348	138.4615385
0.58518	137.8754579
0.58688	137.5335775
0.58858	136.971917
0.59028	136.7521368
0.59198	136.3369963
0.59368	135.8974359
0.59538	135.7753358
0.59708	135.1404151
0.59878	134.7985348
0.60048	134.3101343
0.60218	133.7728938
0.60388	133.5531136
0.60558	132.967033
0.60728	132.5274725
0.60898	132.0879121
0.61068	131.7216117
0.61238	131.3553114
0.61408	131.2576313
0.61578	130.8913309
0.61748	130.2075702
0.61918	129.96337
0.62088	129.6459096
0.62258	129.4017094
0.62428	128.9133089
0.62598	128.4249084
0.62768	128.1074481
0.62938	127.4481074
0.63108	127.3748474
0.63278	126.7887668
0.63448	126.5689866
0.63618	126.1538462
0.63788	126.007326
0.63958	125.5189255
0.64128	125.2991453
0.64298	125.0549451
0.64468	124.4932845
0.64638	124.2490842
0.64808	124.0537241
0.64978	123.5409035
0.65148	123.2967033
0.65318	122.8327228
0.65488	122.7594628
0.65658	122.4175824
0.65828	121.8315018
0.65998	121.7582418
0.66168	121.3675214
0.66338	121.1477411
0.66508	120.5372405
0.66678	120.3418803
0.66848	120.04884
0.67018	119.9267399
0.67188	119.3650794
0.67358	118.9255189
0.67528	118.8034188
0.67698	118.6813187
0.67868	118.0708181
0.68038	117.8510379
0.68208	117.8021978
0.68378	117.4358974
0.68548	117.045177
0.68718	116.8253968
0.68888	116.6788767
0.69058	116.3125763
0.69228	116.043956
0.69398	115.6532357
0.69568	115.5555556
0.69738	115.1159951
0.69908	114.969475
0.70078	114.7252747
0.70248	114.4078144
0.70418	114.2857143
0.70588	113.7973138
0.70758	113.7728938
0.70928	113.3577534
0.71098	113.1868132
0.71268	113.015873
0.71438	112.6007326
0.71608	112.6007326
0.71778	111.990232
0.71948	111.990232
0.72118	111.7704518
0.72288	111.4285714
0.72458	111.3308913
0.72628	111.0622711
0.72798	110.9401709
0.72968	110.6227106
0.73138	110.4029304
0.73308	110.1343101
0.73478	109.98779
0.73648	109.9145299
0.73818	109.5970696
0.73988	109.4261294
0.74158	109.2063492
0.74328	109.1086691
0.74498	108.7667888
0.74668	108.6202686
0.74838	108.4981685
0.75008	108.3028083
0.75178	108.1807082
0.75348	107.9365079
0.75518	107.8632479
0.75688	107.6434676
0.75858	107.4725275
0.76028	107.3015873
0.76198	107.1794872
0.76368	106.959707
0.76538	106.6910867
0.76708	106.5689866
0.76878	106.3492063
0.77048	106.2515263
0.77218	106.1538462
0.77388	105.9340659
0.77558	105.8608059
0.77728	105.6898657
0.77898	105.5189255
0.78068	105.3479853
0.78238	105.2503053
0.78408	105.030525
0.78578	104.957265
0.78748	104.7863248
0.78918	104.8595849
0.79088	104.6398046
0.79258	104.3956044
0.79428	104.2490842
0.79598	104.3711844
0.79768	104.0537241
0.79938	104.0781441
0.80108	103.9316239
0.80278	103.8339438
0.80448	103.5897436
0.80618	103.5409035
0.80788	103.3699634
0.80958	103.3211233
0.81128	103.1746032
0.81298	103.0769231
0.81468	102.9304029
0.81638	102.9059829
0.81808	102.7838828
0.81978	102.7594628
0.82148	102.6129426
0.82318	102.5885226
0.82488	102.3687424
0.82658	102.3687424
0.82828	102.3687424
0.82998	102.1978022
0.83168	102.0757021
0.83338	102.0757021
0.83508	102.002442
0.83678	101.9047619
0.83848	101.7582418
0.84018	101.7338217
0.84188	101.6849817
0.84358	101.6361416
0.84528	101.4896215
0.84698	101.4896215
0.84868	101.3675214
0.85038	101.3675214
0.85208	101.2454212
0.85378	101.1965812
0.85548	101.2210012
0.85718	101.0989011
0.85888	101.025641
0.86058	101.025641
0.86228	101.001221
0.86398	100.8791209
0.86568	100.8058608
0.86738	100.8302808
0.86908	100.5860806
0.87078	100.6105006
0.87248	100.02442
0.87418	99.92673993
0.87588	99.58485958
0.87758	99.60927961
0.87928	99.12087912
0.88098	98.65689866
0.88268	98.70573871
0.88438	98.24175824
0.88608	97.997558
0.88778	97.68009768
0.88948	97.48473748
0.89118	97.19169719
0.89288	97.02075702
0.89458	96.97191697
0.89628	96.67887668
0.89798	96.16605617
0.89968	95.72649573
0.90138	95.43345543
0.90308	95.26251526
0.90478	95.01831502
0.90648	95.01831502
0.90818	94.57875458
0.90988	94.23687424
0.91158	93.99267399
0.91328	93.47985348
0.91498	93.72405372
0.91668	93.5042735
0.91838	93.13797314
0.92008	92.42979243
0.92178	92.35653236
0.92348	91.89255189
0.92518	91.99023199
0.92688	91.28205128
0.92858	91.20879121
0.93028	91.28205128
0.93198	91.11111111
0.93368	90.81807082
0.93538	90.67155067
0.93708	90.45177045
0.93878	90.18315018
0.94048	89.81684982
0.94218	89.10866911
0.94388	89.10866911
0.94558	88.54700855
0.94728	88.32722833
0.94898	88.37606838
0.95068	88.13186813
0.95238	88.03418803
0.95408	87.57020757
0.95578	87.35042735
0.95748	87.13064713
0.95918	86.76434676
0.96088	85.95848596
0.96258	86.34920635
0.96428	86.00732601
0.96598	85.66544567
0.96768	85.05494505
0.96938	85.61660562
0.97108	85.27472527
0.97278	84.93284493
0.97448	84.85958486
0.97618	84.05372405
0.97788	84.3956044
0.97958	83.51648352
0.98128	83.2967033
0.98298	83.2967033
0.98468	82.78388278
0.98638	82.44200244
0.98808	82.2954823
0.98978	82.17338217
0.99148	82.34432234
0.99318	81.83150183
0.99488	81.73382173
0.99658	81.22100122
0.99828	80.73260073
0.99998	80.85470085
1.00168	80.07326007
1.00338	80.43956044
1.00508	79.60927961
1.00678	79.53601954
1.00848	79.75579976
1.01018	79.51159951
1.01188	79.04761905
1.01358	79.0964591
1.01528	78.8034188
1.01698	78.19291819
1.01868	78.26617827
1.02038	77.92429792
1.02208	77.63125763
1.02378	77.41147741
1.02548	76.94749695
1.02718	76.67887668
1.02888	76.67887668
1.03058	76.60561661
1.03228	76.28815629
1.03398	76.01953602
1.03568	75.97069597
1.03738	75.87301587
1.03908	75.14041514
1.04078	74.74969475
1.04248	74.65201465
1.04418	74.31013431
1.04588	73.84615385
1.04758	73.57753358
1.04928	73.77289377
1.05098	73.89499389
1.05268	73.21123321
1.05438	72.89377289
1.05608	73.08913309
1.05778	72.6007326
1.05948	72.38095238
1.06118	72.11233211
1.06288	72.01465201
1.06458	71.64835165
1.06628	71.5995116
1.06798	71.23321123
1.06968	71.08669109
1.07138	70.86691087
1.07308	70.06105006
1.07478	70.28083028
1.07648	70.28083028
1.07818	70.01221001
1.07988	69.32844933
1.08158	69.27960928
1.08328	68.93772894
1.08498	68.66910867
1.08668	68.18070818
1.08838	68.52258852
1.09008	68.3028083
1.09178	68.05860806
1.09348	67.71672772
1.09518	67.35042735
1.09688	66.93528694
1.09858	67.17948718
1.10028	66.44688645
1.10198	66.15384615
1.10368	66.05616606
1.10538	66.54456654
1.10708	65.83638584
1.10878	65.54334554
1.11048	65.44566545
1.11218	64.88400488
1.11388	64.54212454
1.11558	64.66422466
1.11728	64.73748474
1.11898	64.05372405
1.12068	64.02930403
1.12238	63.66300366
1.12408	63.32112332
1.12578	63.56532357
1.12748	63.24786325
1.12918	62.78388278
1.13088	62.71062271
1.13258	62.71062271
1.13428	62.41758242
1.13598	61.85592186
1.13768	61.88034188
1.13938	61.53846154
1.14108	60.95238095
1.14278	61.17216117
1.14448	60.65934066
1.14618	60.68376068
1.14788	60.26862027
1.14958	60.1953602
1.15128	59.9023199
1.15298	59.9023199
1.15468	59.31623932
1.15638	59.41391941
1.15808	59.0964591
1.15978	58.21733822
1.16148	58.0952381
1.16318	57.97313797
1.16488	57.55799756
1.16658	57.77777778
1.16828	57.55799756
1.16998	57.68009768
1.17168	57.24053724
1.17338	56.996337
1.17508	56.84981685
1.17678	56.72771673
1.17848	56.06837607
1.18018	55.87301587
1.18188	55.7997558
1.18358	55.65323565
1.18528	55.40903541
1.18698	55.11599512
1.18868	54.92063492
1.19038	54.84737485
1.19208	54.84737485
1.19378	54.43223443
1.19548	54.09035409
1.19718	53.99267399
1.19888	53.5042735
1.20058	53.45543346
1.20228	53.08913309
1.20398	52.99145299
1.20568	52.82051282
1.20738	52.72283272
1.20908	52.74725275
1.21078	52.47863248
1.21248	51.67277167
1.21418	52.01465201
1.21588	51.89255189
1.21758	51.47741148
1.21928	50.94017094
1.22098	50.62271062
1.22268	50.86691087
1.22438	50.5982906
1.22608	50.4029304
1.22778	50.06105006
1.22948	50.5006105
1.23118	50.20757021
1.23288	49.69474969
1.23458	49.10866911
1.23628	48.84004884
1.23798	49.15750916
1.23968	48.98656899
1.24138	48.25396825
1.24308	47.93650794
1.24478	48.27838828
1.24648	47.93650794
1.24818	47.74114774
1.24988	47.64346764
1.25158	47.35042735
1.25328	47.08180708
1.25498	46.56898657
1.25668	46.95970696
1.25838	46.54456654
1.26008	46.37362637
1.26178	45.64102564
1.26348	45.59218559
1.26518	45.76312576
1.26688	45.49450549
1.26858	44.81074481
1.27028	45.27472527
1.27198	44.93284493
1.27368	45.03052503
1.27538	44.3956044
1.27708	44.17582418
1.27878	44.46886447
1.28048	43.56532357
1.28218	43.63858364
1.28388	43.49206349
1.28558	43.39438339
1.28728	42.88156288
1.28898	42.93040293
1.29068	43.27228327
1.29238	42.66178266
1.29408	41.95360195
1.29578	42.12454212
1.29748	41.92918193
1.29918	41.85592186
1.30088	41.51404151
1.30258	41.1965812
1.30428	41.0989011
1.30598	41.0989011
1.30768	40.85470085
1.30938	40.85470085
1.31108	40.43956044
1.31278	40.29304029
1.31448	40.12210012
1.31618	39.78021978
1.31788	40.04884005
1.31958	39.48717949
1.32128	39.29181929
1.32298	38.97435897
1.32468	38.8034188
1.32638	39.36507937
1.32808	38.82783883
1.32978	38.87667888
1.33148	38.87667888
1.33318	38.02197802
1.33488	38.21733822
1.33658	37.8998779
1.33828	37.63125763
1.33998	37.19169719
1.34168	37.48473748
1.34338	37.11843712
1.34508	36.8986569
1.34678	36.8986569
1.34848	36.53235653
1.35018	36.48351648
1.35188	36.63003663
1.35358	36.04395604
1.35528	35.84859585
1.35698	35.92185592
1.35868	35.50671551
1.36038	35.50671551
1.36208	35.23809524
1.36378	35.36019536
1.36548	35.33577534
1.36718	34.99389499
1.36888	34.72527473
1.37058	34.48107448
1.37228	34.43223443
1.37398	33.96825397
1.37568	34.04151404
1.37738	34.23687424
1.37908	33.67521368
1.38078	33.57753358
1.38248	33.55311355
1.38418	33.26007326
1.38588	33.04029304
1.38758	32.94261294
1.38928	32.96703297
1.39098	32.6984127
1.39268	32.62515263
1.39438	32.45421245
1.39608	31.86813187
1.39778	31.94139194
1.39948	31.74603175
1.40118	31.96581197
1.40288	31.47741148
1.40458	31.74603175
1.40628	31.5018315
1.40798	31.03785104
1.40968	31.30647131
1.41138	31.23321123
1.41308	30.79365079
1.41478	30.6959707
1.41648	30.4029304
1.41818	30.35409035
1.41988	30.28083028
1.42158	30.08547009
1.42328	29.81684982
1.42498	30.01221001
1.42668	29.64590965
1.42838	29.62148962
1.43008	29.67032967
1.43178	29.25518926
1.43348	29.4017094
1.43518	28.86446886
1.43688	28.71794872
1.43858	28.86446886
1.44028	28.05860806
1.44198	28.20512821
1.44368	28.22954823
1.44538	28.32722833
1.44708	28.00976801
1.44878	27.96092796
1.45048	28.10744811
1.45218	28.00976801
1.45388	27.54578755
1.45558	27.22832723
1.45728	27.00854701
1.45898	27.2039072
1.46068	26.98412698
1.46238	26.86202686
1.46408	27.3015873
1.46578	26.83760684
1.46748	26.54456654
1.46918	26.83760684
1.47088	26.78876679
1.47258	26.47130647
1.47428	26.42246642
1.47598	25.78754579
1.47768	25.83638584
1.47938	26.00732601
1.48108	25.68986569
1.48278	25.47008547
1.48448	25.78754579
1.48618	25.44566545
1.48788	25.27472527
1.48958	25.56776557
1.49128	25.51892552
1.49298	25.1037851
1.49468	24.78632479
1.49638	24.90842491
1.49808	24.95726496
1.49978	24.51770452
1.50148	24.24908425
1.50318	24.66422466
1.50488	24.07814408
1.50658	24.05372405
1.50828	24.46886447
1.50998	23.93162393
1.51168	23.85836386
1.51338	24.15140415
1.51508	23.73626374
1.51678	23.56532357
1.51848	23.51648352
1.52018	23.27228327
1.52188	23.27228327
1.52358	23.46764347
1.52528	23.44322344
1.52698	23.05250305
1.52868	23.003663
1.53038	23.1013431
1.53208	23.1013431
1.53378	23.07692308
1.53548	22.56410256
1.53718	22.58852259
1.53888	22.12454212
1.54058	22.1001221
1.54228	21.97802198
1.54398	21.80708181
1.54568	22.14896215
1.54738	22.36874237
1.54908	22.1001221
1.55078	21.68498168
1.55248	21.88034188
1.55418	21.56288156
1.55588	21.58730159
1.55758	21.68498168
1.55928	21.66056166
1.56098	20.95238095
1.56268	21.31868132
1.56438	21.001221
1.56608	20.95238095
1.56778	21.14774115
1.56948	20.97680098
1.57118	20.78144078
1.57288	20.75702076
1.57458	20.41514042
1.57628	20.73260073
1.57798	20.65934066
1.57968	20.12210012
1.58138	20.46398046
1.58308	20.41514042
1.58478	20
1.58648	20.53724054
1.58818	20.07326007
1.58988	20.07326007
1.59158	20.34188034
1.59328	19.92673993
1.59498	19.63369963
1.59668	19.60927961
1.59838	19.26739927
1.60008	19.38949939
1.60178	19.34065934
1.60348	19.16971917
1.60518	19.63369963
1.60688	19.68253968
1.60858	19.12087912
1.61028	19.19413919
1.61198	18.82783883
1.61368	18.94993895
1.61538	18.65689866
1.61708	18.75457875
1.61878	18.70573871
1.62048	18.82783883
1.62218	18.73015873
1.62388	18.63247863
1.62558	18.82783883
1.62728	18.29059829
1.62898	18.53479853
1.63068	18.63247863
1.63238	18.63247863
1.63408	18.36385836
1.63578	17.997558
1.63748	18.02197802
1.63918	18.11965812
1.64088	18.11965812
1.64258	18.02197802
1.64428	18.29059829
1.64598	18.0952381
1.64768	18.16849817
1.64938	17.48473748
1.65108	17.87545788
1.65278	17.53357753
1.65448	17.60683761
1.65618	17.55799756
1.65788	17.43589744
1.65958	17.19169719
1.66128	17.11843712
1.66298	17.16727717
1.66468	17.82661783
1.66638	17.63125763
1.66808	17.26495726
1.66978	17.48473748
1.67148	17.41147741
1.67318	17.02075702
1.67488	16.97191697
1.67658	16.92307692
1.67828	17.04517705
1.67998	16.97191697
1.68168	16.65445665
1.68338	16.87423687
1.68508	16.94749695
1.68678	16.84981685
1.68848	16.94749695
1.69018	16.48351648
1.69188	16.33699634
1.69358	16.63003663
1.69528	16.28815629
1.69698	16.38583639
1.69868	15.8974359
1.70038	16.26373626
1.70208	15.995116
1.70378	16.14163614
1.70548	16.41025641
1.70718	16.53235653
1.70888	15.67765568
1.71058	16.11721612
1.71228	15.72649573
1.71398	15.995116
1.71568	15.65323565
1.71738	15.62881563
1.71908	15.84859585
1.72078	15.72649573
1.72248	15.84859585
1.72418	15.65323565
1.72588	16.01953602
1.72758	15.55555556
1.72928	15.65323565
1.73098	15.53113553
1.73268	15.6043956
1.73438	15.11599512
1.73608	15.36019536
1.73778	15.28693529
1.73948	15.09157509
1.74118	15.04273504
1.74288	15.16483516
1.74458	15.28693529
1.74628	15.38461538
1.74798	15.31135531
1.74968	15.04273504
1.75138	14.6031746
1.75308	14.99389499
1.75478	14.40781441
1.75648	14.65201465
1.75818	14.92063492
1.75988	14.84737485
1.76158	14.77411477
1.76328	14.8962149
1.76498	14.92063492
1.76668	14.6031746
1.76838	14.40781441
1.77008	14.77411477
1.77178	14.65201465
1.77348	14.28571429
1.77518	14.18803419
1.77688	14.09035409
1.77858	14.40781441
1.78028	14.35897436
1.78198	14.28571429
1.78368	14.13919414
1.78538	14.7985348
1.78708	14.38339438
1.78878	14.33455433
1.79048	13.74847375
1.79218	13.77289377
1.79388	13.96825397
1.79558	13.82173382
1.79728	13.99267399
1.79898	13.82173382
1.80068	13.7973138
1.80238	13.43101343
1.80408	13.6996337
1.80578	13.65079365
1.80748	13.65079365
1.80918	13.38217338
1.81088	13.6019536
1.81258	13.55311355
1.81428	13.28449328
1.81598	13.43101343
1.81768	13.47985348
1.81938	13.35775336
1.82108	13.87057387
1.82278	13.04029304
1.82448	13.01587302
1.82618	13.38217338
1.82788	13.30891331
1.82958	13.08913309
1.83128	13.08913309
1.83298	13.13797314
1.83468	12.89377289
1.83638	13.08913309
1.83808	13.04029304
1.83978	13.16239316
1.84148	13.01587302
1.84318	12.40537241
1.84488	13.21123321
1.84658	13.01587302
1.84828	12.82051282
1.84998	12.64957265
1.85168	12.64957265
1.85338	12.86935287
1.85508	12.30769231
1.85678	12.33211233
1.85848	12.23443223
1.86018	12.45421245
1.86188	12.67399267
1.86358	12.25885226
1.86528	12.72283272
1.86698	12.77167277
1.86868	12.57631258
1.87038	12.08791209
1.87208	12.25885226
1.87378	12.13675214
1.87548	11.84371184
1.87718	12.11233211
1.87888	11.77045177
1.88058	11.72161172
1.88228	11.74603175
1.88398	11.72161172
1.88568	11.57509158
1.88738	11.72161172
1.88908	11.64835165
1.89078	11.37973138
1.89248	11.74603175
1.89418	11.33089133
1.89588	11.30647131
1.89758	11.37973138
1.89928	11.45299145
1.90098	11.62393162
1.90268	11.28205128
1.90438	11.37973138
1.90608	11.03785104
1.90778	11.52625153
1.90948	11.06227106
1.91118	10.76923077
1.91288	11.11111111
1.91458	11.15995116
1.91628	11.25763126
1.91798	11.15995116
1.91968	11.18437118
1.92138	11.01343101
1.92308	10.45177045
1.92478	11.30647131
1.92648	11.03785104
1.92818	10.89133089
1.92988	10.86691087
1.93158	10.37851038
1.93328	10.86691087
1.93498	10.64713065
1.93668	10.37851038
1.93838	10.13431013
1.94008	10.5006105
1.94178	10.79365079
1.94348	10.15873016
1.94518	10.32967033
1.94688	10.74481074
1.94858	10.4029304
1.95028	10.10989011
1.95198	9.938949939
1.95368	10.20757021
1.95538	9.89010989
1.95708	10.42735043
1.95878	10.01221001
1.96048	9.865689866
1.96218	10.15873016
1.96388	10.10989011
1.96558	9.768009768
1.96728	9.987789988
1.96898	10.15873016
1.97068	9.743589744
1.97238	9.743589744
1.97408	9.450549451
1.97578	9.304029304
1.97748	9.548229548
1.97918	9.474969475
1.98088	9.914529915
1.98258	9.450549451
1.98428	10.01221001
1.98598	9.426129426
1.98768	9.572649573
1.98938	9.548229548
1.99108	9.181929182
1.99278	9.572649573
1.99448	9.401709402
1.99618	8.888888889
1.99788	9.181929182
1.99958	9.426129426
2.00128	9.621489621
2.00298	9.206349206
2.00468	9.084249084
2.00638	9.035409035
2.00808	9.206349206
2.00978	8.888888889
2.01148	9.010989011
2.01318	8.888888889
2.01488	8.913308913
2.01658	8.571428571
2.01828	8.595848596
2.01998	8.644688645
2.02168	9.157509158
2.02338	8.717948718
2.02508	8.888888889
2.02678	8.766788767
2.02848	8.742368742
2.03018	8.888888889
2.03188	8.205128205
2.03358	8.766788767
2.03528	8.547008547
2.03698	8.595848596
2.03868	8.034188034
2.04038	8.815628816
2.04208	8.351648352
2.04378	8.351648352
2.04548	8.327228327
2.04718	8.302808303
2.04888	8.449328449
2.05058	7.887667888
2.05228	7.985347985
2.05398	7.985347985
2.05568	8.327228327
2.05738	7.716727717
2.05908	7.667887668
2.06078	8.327228327
2.06248	7.912087912
2.06418	7.985347985
2.06588	7.78998779
2.06758	8.00976801
2.06928	7.960927961
2.07098	7.57020757
2.07268	7.619047619
2.07438	7.643467643
2.07608	7.716727717
2.07778	7.472527473
2.07948	7.643467643
2.08118	7.521367521
2.08288	7.130647131
2.08458	7.814407814
2.08628	7.106227106
2.08798	7.228327228
2.08968	7.106227106
2.09138	7.203907204
2.09308	7.423687424
2.09478	7.032967033
2.09648	7.106227106
2.09818	6.886446886
2.09988	7.228327228
2.10158	7.252747253
2.10328	7.008547009
2.10498	7.326007326
2.10668	7.35042735
2.10838	7.130647131
2.11008	6.95970696
2.11178	6.666666667
2.11348	6.95970696
2.11518	6.95970696
2.11688	6.73992674
2.11858	6.568986569
2.12028	6.691086691
2.12198	7.032967033
2.12368	6.73992674
2.12538	6.617826618
2.12708	6.837606838
2.12878	6.593406593
2.13048	6.275946276
2.13218	6.642246642
2.13388	6.446886447
2.13558	6.446886447
2.13728	6.568986569
2.13898	6.764346764
2.14068	6.73992674
2.14238	6.544566545
2.14408	6.324786325
2.14578	6.471306471
2.14748	6.251526252
2.14918	6.495726496
2.15088	5.958485958
2.15258	6.178266178
2.15428	5.958485958
2.15598	5.836385836
2.15768	6.227106227
2.15938	6.105006105
2.16108	6.178266178
2.16278	5.860805861
2.16448	5.982905983
2.16618	5.592185592
2.16788	5.787545788
2.16958	5.518925519
2.17128	5.299145299
2.17298	5.934065934
2.17468	5.763125763
2.17638	5.811965812
2.17808	5.47008547
2.17978	5.445665446
2.18148	5.763125763
2.18318	5.494505495
2.18488	5.714285714
2.18658	5.396825397
2.18828	5.934065934
2.18998	5.299145299
2.19168	5.25030525
2.19338	5.372405372
2.19508	5.592185592
2.19678	5.47008547
2.19848	5.177045177
2.20018	5.860805861
2.20188	5.592185592
2.20358	5.030525031
2.20528	5.518925519
2.20698	5.396825397
2.20868	5.347985348
2.21038	4.981684982
2.21208	5.347985348
2.21378	5.103785104
2.21548	4.932844933
2.21718	5.274725275
2.21888	4.737484737
2.22058	5.543345543
2.22228	5.079365079
2.22398	5.128205128
2.22568	5.177045177
2.22738	4.810744811
2.22908	5.054945055
2.23078	4.566544567
2.23248	5.152625153
2.23418	5.006105006
2.23588	5.201465201
2.23758	4.786324786
2.23928	4.566544567
2.24098	4.786324786
2.24268	4.884004884
2.24438	4.590964591
2.24608	4.371184371
2.24778	4.908424908
2.24948	4.224664225
2.25118	4.029304029
2.25288	4.810744811
2.25458	4.761904762
2.25628	4.688644689
2.25798	4.151404151
2.25968	4.835164835
2.26138	4.688644689
2.26308	4.493284493
2.26478	4.615384615
2.26648	4.346764347
2.26818	4.42002442
2.26988	4.249084249
2.27158	4.004884005
2.27328	3.956043956
2.27498	4.175824176
2.27668	4.151404151
2.27838	4.004884005
2.28008	4.053724054
2.28178	4.029304029
2.28348	4.126984127
2.28518	3.833943834
2.28688	4.126984127
2.28858	4.175824176
2.29028	3.663003663
2.29198	3.540903541
2.29368	4.053724054
2.29538	3.760683761
2.29708	3.833943834
2.29878	3.614163614
2.30048	4.102564103
2.30218	3.80952381
2.30388	4.029304029
2.30558	4.151404151
2.30728	3.638583639
2.30898	3.638583639
2.31068	3.443223443
2.31238	3.785103785
2.31408	3.247863248
2.31578	3.638583639
2.31748	3.833943834
2.31918	3.467643468
2.32088	3.492063492
2.32258	3.663003663
2.32428	3.58974359
2.32598	3.247863248
2.32768	3.345543346
2.32938	3.565323565
2.33108	3.076923077
2.33278	3.247863248
2.33448	3.15018315
2.33618	3.345543346
2.33788	3.003663004
2.33958	3.418803419
2.34128	3.345543346
2.34298	3.247863248
2.34468	3.003663004
2.34638	3.247863248
2.34808	3.199023199
2.34978	2.954822955
2.35148	3.052503053
2.35318	2.881562882
2.35488	2.783882784
2.35658	3.101343101
2.35828	2.857142857
2.35998	3.101343101
2.36168	3.223443223
2.36338	2.490842491
2.36508	2.612942613
2.36678	3.003663004
2.36848	2.905982906
2.37018	2.661782662
2.37188	2.686202686
2.37358	2.881562882
2.37528	2.710622711
2.37698	2.564102564
2.37868	2.783882784
2.38038	2.417582418
2.38208	2.808302808
2.38378	2.93040293
2.38548	2.515262515
2.38718	2.759462759
2.38888	2.295482295
2.39058	2.417582418
2.39228	2.612942613
2.39398	2.295482295
2.39568	2.710622711
2.39738	2.393162393
2.39908	2.637362637
2.40078	2.466422466
2.40248	2.490842491
2.40418	2.564102564
2.40588	2.417582418
2.40758	2.637362637
2.40928	2.368742369
2.41098	2.246642247
2.41268	2.295482295
2.41438	2.246642247
2.41608	2.344322344
2.41778	1.831501832
2.41948	2.246642247
2.42118	2.1001221
2.42288	2.393162393
2.42458	1.807081807
2.42628	1.953601954
2.42798	2.197802198
2.42968	1.684981685
2.43138	1.782661783
2.43308	1.929181929
2.43478	2.148962149
2.43648	2.124542125
2.43818	1.709401709
2.43988	2.271062271
2.44158	1.929181929
2.44328	2.051282051
2.44498	1.294261294
2.44668	1.660561661
2.44838	2.148962149
2.45008	1.538461538
2.45178	1.221001221
2.45348	1.514041514
2.45518	1.391941392
2.45688	1.660561661
2.45858	1.465201465
2.46028	1.587301587
2.46198	1.587301587
2.46368	1.367521368
2.46538	1.416361416
2.46708	1.587301587
2.46878	1.953601954
2.47048	1.245421245
2.47218	1.440781441
2.47388	0.9035409035
2.47558	1.807081807
2.47728	1.391941392
2.47898	1.343101343
2.48068	1.709401709
2.48238	1.074481074
2.48408	1.098901099
2.48578	0.8791208791
2.48748	0.7814407814
2.48918	1.172161172
2.49088	1.025641026
2.49258	1.172161172
2.49428	1.074481074
2.49598	1.05006105
2.49768	1.074481074
2.49938	1.025641026
2.50108	1.416361416
2.50278	1.367521368
2.50448	0.8058608059
2.50618	0.7326007326
2.50788	1.074481074
2.50958	0.7081807082
2.51128	0.6593406593
2.51298	0.7814407814
2.51468	0.7814407814
2.51638	0.757020757
2.51808	0.7814407814
2.51978	1.074481074
2.52148	0.9768009768
2.52318	0.5860805861
2.52488	0.8058608059
2.52658	0.7814407814
2.52828	0.6837606838
2.52998	0.3174603175
2.53168	0.5128205128
2.53338	0.7326007326
2.53508	0.5372405372
2.53678	0.7326007326
2.53848	0.463980464
2.54018	0.6593406593
2.54188	0.463980464
2.54358	0.6105006105
2.54528	0.2442002442
2.54698	0.2197802198
2.54868	0.2442002442
2.55038	0.2442002442
2.55208	0.07326007326
2.55378	0.3174603175
2.55548	0.7326007326
2.55718	0.3907203907
2.55888	0.1465201465
2.56058	0.4151404151
2.56228	0.3663003663
2.56398	0.3907203907
2.56568	0.4884004884
2.56738	0.2686202686
2.56908	0.4395604396
2.57078	0.2442002442
2.57248	0.3174603175
2.57418	0.1953601954
2.57588	0.3907203907
2.57758	0.1221001221
2.57928	0.3174603175
2.58098	0.1465201465
2.58268	0.1221001221
2.58438	0.3174603175
2.58608	0.09768009768
2.58778	0.09768009768
2.58948	0.293040293
2.59118	0.5616605617
2.59288	0.3907203907
2.59458	0.3907203907
2.59628	0.4395604396
2.59798	0.2686202686
2.59968	0.6105006105
2.60138	0.09768009768
2.60308	0.2197802198
2.60478	0.7814407814
2.60648	0.6349206349
2.60818	0.5616605617
2.60988	1.147741148
2.61158	0.5128205128
2.61328	0.8058608059
2.61498	0.6105006105
2.61668	0.4151404151
2.61838	0.927960928
2.62008	0.1953601954
2.62178	0.8058608059
2.62348	0.8058608059
2.62518	0.6105006105
2.62688	1.074481074
2.62858	0.463980464
2.63028	0.757020757
2.63198	1.05006105
2.63368	0.8302808303
2.63538	0.9523809524
2.63708	0.463980464
2.63878	1.221001221
2.64048	1.05006105
2.64218	0.8547008547
2.64388	0.8058608059
2.64558	1.440781441
2.64728	1.123321123
2.64898	1.343101343
2.65068	1.538461538
2.65238	1.562881563
2.65408	1.391941392
2.65578	0.8791208791
2.65748	1.196581197
2.65918	0.9523809524
2.66088	1.098901099
2.66258	1.245421245
2.66428	1.318681319
2.66598	1.465201465
2.66768	1.098901099
2.66938	1.538461538
2.67108	1.391941392
2.67278	1.074481074
2.67448	1.391941392
2.67618	1.343101343
2.67788	1.416361416
2.67958	1.343101343
2.68128	1.172161172
2.68298	1.465201465
2.68468	1.26984127
2.68638	1.611721612
2.68808	1.391941392
2.68978	1.636141636
2.69148	1.514041514
2.69318	1.953601954
2.69488	1.953601954
2.69658	1.343101343
2.69828	1.660561661
2.69998	1.318681319
2.70168	1.855921856
2.70338	1.855921856
2.70508	2.148962149
2.70678	1.855921856
2.70848	1.758241758
2.71018	1.953601954
2.71188	1.758241758
2.71358	2.026862027
2.71528	1.807081807
2.71698	1.709401709
2.71868	2.173382173
2.72038	1.758241758
2.72208	2.148962149
2.72378	2.026862027
2.72548	2.222222222
2.72718	2.222222222
2.72888	2.295482295
2.73058	2.051282051
2.73228	2.295482295
2.73398	2.588522589
2.73568	1.636141636
2.73738	2.31990232
2.73908	2.002442002
2.74078	2.295482295
2.74248	2.148962149
2.74418	2.368742369
2.74588	2.344322344
2.74758	2.417582418
2.74928	2.612942613
2.75098	2.588522589
2.75268	2.295482295
2.75438	2.344322344
2.75608	2.222222222
2.75778	2.368742369
2.75948	2.148962149
2.76118	2.31990232
2.76288	2.173382173
2.76458	2.661782662
2.76628	2.710622711
2.76798	2.442002442
2.76968	2.53968254
2.77138	2.612942613
2.77308	2.686202686
2.77478	2.31990232
2.77648	2.393162393
2.77818	2.564102564
2.77988	2.442002442
2.78158	2.344322344
2.78328	2.564102564
2.78498	2.881562882
2.78668	2.905982906
2.78838	2.759462759
2.79008	2.759462759
2.79178	2.93040293
2.79348	3.028083028
2.79518	2.393162393
2.79688	2.344322344
2.79858	2.808302808
2.80028	2.686202686
2.80198	2.442002442
2.80368	2.979242979
2.80538	2.979242979
2.80708	3.199023199
2.80878	2.564102564
2.81048	2.783882784
2.81218	2.612942613
2.81388	3.199023199
2.81558	2.564102564
2.81728	2.710622711
2.81898	2.93040293
2.82068	2.832722833
2.82238	2.954822955
2.82408	3.345543346
2.82578	3.345543346
2.82748	3.101343101
2.82918	3.125763126
2.83088	3.443223443
2.83258	3.223443223
2.83428	3.345543346
2.83598	2.979242979
2.83768	3.199023199
2.83938	3.076923077
2.84108	3.296703297
2.84278	3.101343101
2.84448	3.028083028
2.84618	3.614163614
2.84788	3.296703297
2.84958	3.247863248
2.85128	3.663003663
2.85298	3.36996337
2.85468	3.199023199
2.85638	3.58974359
2.85808	3.052503053
2.85978	2.979242979
2.86148	3.125763126
2.86318	3.15018315
2.86488	3.125763126
2.86658	3.443223443
2.86828	3.492063492
2.86998	3.272283272
2.87168	3.321123321
2.87338	3.80952381
2.87508	3.418803419
2.87678	3.199023199
2.87848	3.345543346
2.88018	3.540903541
2.88188	3.418803419
2.88358	3.247863248
2.88528	3.492063492
2.88698	3.736263736
2.88868	3.907203907
2.89038	3.663003663
2.89208	3.858363858
2.89378	3.907203907
2.89548	3.565323565
2.89718	3.467643468
2.89888	3.614163614
2.90058	3.58974359
2.90228	3.614163614
2.90398	4.029304029
2.90568	4.004884005
2.90738	3.443223443
2.90908	4.004884005
2.91078	3.687423687
2.91248	3.516483516
2.91418	3.760683761
2.91588	3.492063492
2.91758	3.956043956
2.91928	3.516483516
2.92098	3.907203907
2.92268	3.663003663
2.92438	3.833943834
2.92608	4.029304029
2.92778	3.785103785
2.92948	3.711843712
2.93118	3.614163614
2.93288	3.663003663
2.93458	3.80952381
2.93628	3.760683761
2.93798	4.126984127
2.93968	3.711843712
2.94138	3.80952381
2.94308	3.467643468
2.94478	4.004884005
2.94648	3.98046398
2.94818	3.956043956
2.94988	4.102564103
2.95158	4.297924298
2.95328	4.346764347
2.95498	4.053724054
2.95668	3.614163614
2.95838	4.42002442
2.96008	4.053724054
2.96178	3.638583639
2.96348	3.882783883
2.96518	4.175824176
2.96688	4.151404151
2.96858	4.029304029
2.97028	3.760683761
2.97198	3.931623932
2.97368	4.029304029
2.97538	4.004884005
2.97708	3.931623932
2.97878	4.102564103
2.98048	4.053724054
2.98218	3.907203907
2.98388	4.297924298
2.98558	4.224664225
2.98728	4.2002442
2.98898	4.2002442
2.99068	4.126984127
2.99238	4.175824176
2.99408	4.102564103
2.99578	4.126984127
2.99748	4.395604396
2.99918	4.078144078
3.00088	4.126984127
3.00258	4.224664225
3.00428	4.2002442
3.00598	4.395604396
3.00768	4.102564103
3.00938	4.175824176
3.01108	4.004884005
3.01278	4.517704518
3.01448	4.2002442
3.01618	3.882783883
3.01788	4.151404151
3.01958	4.078144078
3.02128	4.249084249
3.02298	4.151404151
3.02468	3.907203907
3.02638	4.395604396
3.02808	4.273504274
3.02978	4.346764347
3.03148	4.029304029
3.03318	4.346764347
3.03488	4.2002442
3.03658	3.931623932
3.03828	4.273504274
3.03998	4.151404151
3.04168	4.053724054
3.04338	4.224664225
3.04508	4.737484737
3.04678	4.2002442
3.04848	4.371184371
3.05018	4.444444444
3.05188	4.297924298
3.05358	4.297924298
3.05528	4.371184371
3.05698	4.468864469
3.05868	4.249084249
3.06038	4.371184371
3.06208	4.517704518
3.06378	4.2002442
3.06548	4.566544567
3.06718	4.371184371
3.06888	4.273504274
3.07058	4.151404151
3.07228	4.346764347
3.07398	4.444444444
3.07568	4.395604396
3.07738	4.346764347
3.07908	4.42002442
3.08078	4.737484737
3.08248	4.224664225
3.08418	3.907203907
3.08588	4.761904762
3.08758	4.126984127
3.08928	4.273504274
3.09098	4.249084249
3.09268	4.346764347
3.09438	4.249084249
3.09608	4.371184371
3.09778	4.664224664
3.09948	4.2002442
3.10118	4.322344322
3.10288	4.371184371
3.10458	4.542124542
3.10628	4.371184371
3.10798	4.908424908
3.10968	4.346764347
3.11138	4.542124542
3.11308	4.810744811
3.11478	4.444444444
3.11648	4.2002442
3.11818	4.249084249
3.11988	4.395604396
3.12158	4.737484737
3.12328	4.468864469
3.12498	4.322344322
3.12668	4.493284493
3.12838	4.371184371
3.13008	4.615384615
3.13178	4.029304029
3.13348	4.346764347
3.13518	4.346764347
3.13688	4.249084249
3.13858	4.102564103
3.14028	4.444444444
3.14198	4.371184371
3.14368	4.224664225
3.14538	4.63980464
3.14708	4.517704518
3.14878	4.688644689
3.15048	4.249084249
3.15218	4.444444444
3.15388	4.664224664
3.15558	4.444444444
3.15728	4.2002442
3.15898	4.371184371
3.16068	4.249084249
3.16238	4.542124542
3.16408	4.566544567
3.16578	4.493284493
3.16748	4.85958486
3.16918	4.444444444
3.17088	4.297924298
3.17258	4.590964591
3.17428	4.249084249
3.17598	4.029304029
3.17768	4.224664225
3.17938	4.273504274
3.18108	4.590964591
3.18278	4.346764347
3.18448	4.566544567
3.18618	4.615384615
3.18788	4.590964591
3.18958	4.615384615
3.19128	4.615384615
3.19298	4.395604396
3.19468	4.444444444
3.19638	3.98046398
3.19808	4.249084249
3.19978	4.542124542
3.20148	4.346764347
3.20318	4.175824176
3.20488	4.371184371
3.20658	4.444444444
3.20828	4.151404151
3.20998	4.322344322
3.21168	4.542124542
3.21338	4.371184371
3.21508	4.029304029
3.21678	4.175824176
3.21848	4.004884005
3.22018	4.273504274
3.22188	4.297924298
3.22358	4.346764347
3.22528	4.42002442
3.22698	4.493284493
3.22868	4.126984127
3.23038	4.126984127
3.23208	3.931623932
3.23378	4.126984127
3.23548	4.126984127
3.23718	4.249084249
3.23888	4.078144078
3.24058	4.249084249
3.24228	4.078144078
3.24398	4.63980464
3.24568	4.468864469
3.24738	4.297924298
3.24908	3.882783883
3.25078	4.2002442
3.25248	4.224664225
3.25418	3.882783883
3.25588	4.297924298
3.25758	4.249084249
3.25928	4.346764347
3.26098	4.346764347
3.26268	4.273504274
3.26438	4.346764347
3.26608	4.468864469
3.26778	4.371184371
3.26948	4.713064713
3.27118	4.053724054
3.27288	4.322344322
3.27458	3.858363858
3.27628	3.956043956
3.27798	4.175824176
3.27968	4.2002442
3.28138	4.004884005
3.28308	4.029304029
3.28478	4.688644689
3.28648	4.468864469
3.28818	4.395604396
3.28988	4.249084249
3.29158	4.126984127
3.29328	4.175824176
3.29498	4.346764347
3.29668	4.273504274
3.29838	3.858363858
3.30008	4.444444444
3.30178	4.615384615
3.30348	4.224664225
3.30518	4.42002442
3.30688	4.493284493
3.30858	4.468864469
3.31028	4.371184371
3.31198	4.2002442
3.31368	3.931623932
3.31538	4.102564103
3.31708	4.078144078
3.31878	4.273504274
3.32048	4.053724054
3.32218	4.493284493
3.32388	4.224664225
3.32558	4.297924298
3.32728	4.273504274
3.32898	4.249084249
3.33068	4.297924298
3.33238	4.2002442
3.33408	4.346764347
3.33578	3.785103785
3.33748	4.273504274
3.33918	4.151404151
3.34088	4.517704518
3.34258	4.517704518
3.34428	4.468864469
3.34598	4.468864469
3.34768	4.029304029
3.34938	4.151404151
3.35108	4.029304029
3.35278	3.98046398
3.35448	4.053724054
3.35618	4.102564103
3.35788	4.151404151
3.35958	3.907203907
3.36128	4.444444444
3.36298	4.151404151
3.36468	4.566544567
3.36638	4.175824176
3.36808	4.63980464
3.36978	4.346764347
3.37148	3.907203907
3.37318	4.2002442
3.37488	3.931623932
3.37658	4.297924298
3.37828	4.053724054
3.37998	4.346764347
3.38168	4.224664225
3.38338	3.98046398
3.38508	4.053724054
3.38678	4.126984127
3.38848	4.322344322
3.39018	4.102564103
3.39188	4.2002442
3.39358	3.931623932
3.39528	4.102564103
3.39698	3.638583639
3.39868	3.80952381
3.40038	4.249084249
3.40208	4.126984127
3.40378	3.956043956
3.40548	4.053724054
3.40718	4.151404151
3.40888	4.297924298
3.41058	4.2002442
3.41228	4.078144078
3.41398	4.029304029
3.41568	3.956043956
3.41738	3.931623932
3.41908	3.833943834
3.42078	4.053724054
3.42248	4.2002442
3.42418	3.858363858
3.42588	4.004884005
3.42758	4.42002442
3.42928	3.907203907
3.43098	3.736263736
3.43268	4.249084249
3.43438	3.516483516
3.43608	4.004884005
3.43778	3.907203907
3.43948	3.907203907
3.44118	4.371184371
3.44288	3.785103785
3.44458	4.2002442
3.44628	4.151404151
3.44798	3.907203907
3.44968	4.053724054
3.45138	3.907203907
3.45308	4.2002442
3.45478	4.029304029
3.45648	3.956043956
3.45818	3.882783883
3.45988	4.102564103
3.46158	4.224664225
3.46328	3.956043956
3.46498	4.249084249
3.46668	4.224664225
3.46838	4.395604396
3.47008	3.907203907
3.47178	4.126984127
3.47348	4.102564103
3.47518	3.956043956
3.47688	3.614163614
3.47858	3.956043956
3.48028	4.273504274
3.48198	4.175824176
3.48368	4.029304029
3.48538	4.102564103
3.48708	4.371184371
3.48878	4.151404151
3.49048	3.785103785
3.49218	3.931623932
3.49388	3.785103785
3.49558	3.956043956
3.49728	3.565323565
3.49898	3.931623932
3.50068	3.882783883
3.50238	4.2002442
3.50408	3.931623932
3.50578	4.224664225
3.50748	3.931623932
3.50918	4.297924298
3.51088	3.736263736
3.51258	3.663003663
3.51428	3.80952381
3.51598	3.687423687
3.51768	3.467643468
3.51938	4.004884005
3.52108	4.249084249
3.52278	3.785103785
3.52448	4.151404151
3.52618	4.102564103
3.52788	4.346764347
3.52958	3.931623932
3.53128	3.638583639
3.53298	3.858363858
3.53468	4.004884005
3.53638	3.711843712
3.53808	3.663003663
3.53978	3.882783883
3.54148	4.322344322
3.54318	3.663003663
3.54488	3.638583639
3.54658	4.102564103
3.54828	4.273504274
3.54998	3.418803419
3.55168	3.36996337
3.55338	3.882783883
3.55508	3.540903541
3.55678	3.98046398
3.55848	3.736263736
3.56018	3.687423687
3.56188	3.565323565
3.56358	3.956043956
3.56528	4.004884005
3.56698	3.785103785
3.56868	3.736263736
3.57038	3.614163614
3.57208	3.80952381
3.57378	3.467643468
3.57548	3.785103785
3.57718	3.760683761
3.57888	3.663003663
3.58058	3.614163614
3.58228	3.687423687
3.58398	3.858363858
3.58568	3.736263736
3.58738	3.516483516
3.58908	3.418803419
3.59078	3.638583639
3.59248	3.614163614
3.59418	3.711843712
3.59588	3.882783883
3.59758	3.882783883
3.59928	3.80952381
3.60098	3.687423687
3.60268	3.663003663
3.60438	4.102564103
3.60608	3.858363858
3.60778	4.078144078
3.60948	3.663003663
3.61118	3.443223443
3.61288	3.907203907
3.61458	3.565323565
3.61628	3.931623932
3.61798	3.418803419
3.61968	3.711843712
3.62138	4.126984127
3.62308	3.760683761
3.62478	3.467643468
3.62648	3.540903541
3.62818	3.760683761
3.62988	3.614163614
3.63158	3.492063492
3.63328	3.663003663
3.63498	3.736263736
3.63668	3.833943834
3.63838	3.58974359
3.64008	4.102564103
3.64178	3.882783883
3.64348	3.833943834
3.64518	3.565323565
3.64688	3.58974359
3.64858	3.833943834
3.65028	3.199023199
3.65198	3.614163614
3.65368	3.467643468
3.65538	3.272283272
3.65708	3.492063492
3.65878	3.36996337
3.66048	3.565323565
3.66218	3.58974359
3.66388	3.956043956
3.66558	3.736263736
3.66728	3.785103785
3.66898	3.321123321
3.67068	3.36996337
3.67238	3.687423687
3.67408	3.687423687
3.67578	3.296703297
3.67748	3.418803419
3.67918	3.565323565
3.68088	3.516483516
3.68258	3.638583639
3.68428	3.565323565
3.68598	3.760683761
3.68768	3.931623932
3.68938	3.565323565
3.69108	3.199023199
3.69278	3.516483516
3.69448	3.492063492
3.69618	3.492063492
3.69788	3.638583639
3.69958	3.98046398
3.70128	3.296703297
3.70298	3.223443223
3.70468	3.296703297
3.70638	3.394383394
3.70808	3.614163614
3.70978	3.321123321
3.71148	3.199023199
3.71318	3.58974359
3.71488	3.540903541
3.71658	3.711843712
3.71828	3.36996337
3.71998	3.760683761
3.72168	3.614163614
3.72338	3.418803419
3.72508	3.540903541
3.72678	3.492063492
3.72848	3.614163614
3.73018	3.076923077
3.73188	3.467643468
3.73358	3.345543346
3.73528	3.199023199
3.73698	2.979242979
3.73868	3.345543346
3.74038	3.516483516
3.74208	3.540903541
3.74378	3.345543346
3.74548	2.686202686
3.74718	3.36996337
3.74888	3.394383394
3.75058	3.296703297
3.75228	3.540903541
3.75398	3.223443223
3.75568	3.247863248
3.75738	3.223443223
3.75908	3.36996337
3.76078	3.711843712
3.76248	3.296703297
3.76418	3.394383394
3.76588	3.223443223
3.76758	3.15018315
3.76928	3.174603175
3.77098	3.223443223
3.77268	3.321123321
3.77438	3.345543346
3.77608	3.760683761
3.77778	3.174603175
3.77948	3.296703297
3.78118	3.492063492
3.78288	3.247863248
3.78458	3.345543346
3.78628	3.394383394
3.78798	3.199023199
3.78968	2.954822955
3.79138	2.954822955
3.79308	3.125763126
3.79478	3.223443223
3.79648	3.321123321
3.79818	2.735042735
3.79988	3.36996337
3.80158	3.125763126
3.80328	3.223443223
3.80498	3.247863248
3.80668	2.881562882
3.80838	3.174603175
3.81008	3.052503053
3.81178	2.661782662
3.81348	2.954822955
3.81518	3.247863248
3.81688	2.905982906
3.81858	2.637362637
3.82028	3.418803419
3.82198	3.223443223
3.82368	3.174603175
3.82538	3.003663004
3.82708	3.345543346
3.82878	3.272283272
3.83048	2.954822955
3.83218	2.979242979
3.83388	3.247863248
3.83558	3.223443223
3.83728	3.101343101
3.83898	2.979242979
3.84068	2.710622711
3.84238	3.418803419
3.84408	3.101343101
3.84578	2.808302808
3.84748	3.076923077
3.84918	2.735042735
3.85088	3.272283272
3.85258	2.759462759
3.85428	2.954822955
3.85598	3.711843712
3.85768	3.076923077
3.85938	3.199023199
3.86108	3.101343101
3.86278	3.174603175
3.86448	3.174603175
3.86618	2.93040293
3.86788	2.979242979
3.86958	2.612942613
3.87128	2.710622711
3.87298	3.199023199
3.87468	3.199023199
3.87638	3.052503053
3.87808	2.783882784
3.87978	2.783882784
3.88148	3.223443223
3.88318	2.808302808
3.88488	3.076923077
3.88658	2.979242979
3.88828	3.052503053
3.88998	2.759462759
3.89168	2.735042735
3.89338	2.905982906
3.89508	3.125763126
3.89678	2.905982906
3.89848	2.661782662
3.90018	2.832722833
3.90188	2.979242979
3.90358	2.905982906
3.90528	2.735042735
3.90698	2.759462759
3.90868	2.490842491
3.91038	2.783882784
3.91208	2.905982906
3.91378	2.93040293
3.91548	2.881562882
3.91718	2.710622711
3.91888	2.93040293
3.92058	3.052503053
3.92228	3.028083028
3.92398	2.881562882
3.92568	2.783882784
3.92738	2.515262515
3.92908	2.515262515
3.93078	2.490842491
3.93248	2.564102564
3.93418	2.442002442
3.93588	2.881562882
3.93758	2.53968254
3.93928	2.490842491
3.94098	3.125763126
3.94268	2.515262515
3.94438	2.93040293
3.94608	2.271062271
3.94778	2.612942613
3.94948	2.588522589
3.95118	2.31990232
3.95288	2.393162393
3.95458	2.393162393
3.95628	2.612942613
3.95798	2.295482295
3.95968	2.490842491
3.96138	2.759462759
3.96308	2.661782662
3.96478	2.31990232
3.96648	2.124542125
3.96818	2.588522589
3.96988	2.442002442
3.97158	2.442002442
3.97328	2.466422466
3.97498	2.393162393
3.97668	2.588522589
3.97838	1.88034188
3.98008	2.637362637
3.98178	2.783882784
3.98348	2.637362637
3.98518	2.246642247
3.98688	2.124542125
3.98858	2.588522589
3.99028	2.002442002
3.99198	2.197802198
3.99368	2.295482295
3.99538	2.637362637
3.99708	2.588522589
3.99878	2.295482295
4.00048	2.832722833
4.00218	2.246642247
4.00388	2.686202686
4.00558	2.124542125
4.00728	1.831501832
4.00898	2.442002442
4.01068	2.1001221
4.01238	2.148962149
4.01408	1.904761905
4.01578	2.466422466
4.01748	2.124542125
4.01918	2.246642247
4.02088	2.417582418
4.02258	2.246642247
4.02428	2.173382173
4.02598	2.124542125
4.02768	2.31990232
4.02938	2.344322344
4.03108	1.88034188
4.03278	2.344322344
4.03448	2.442002442
4.03618	2.31990232
4.03788	2.588522589
4.03958	2.368742369
4.04128	2.417582418
4.04298	2.1001221
4.04468	2.31990232
4.04638	1.88034188
4.04808	2.051282051
4.04978	1.831501832
4.05148	2.002442002
4.05318	1.978021978
4.05488	2.197802198
4.05658	2.148962149
4.05828	2.31990232
4.05998	2.368742369
4.06168	2.075702076
4.06338	2.490842491
4.06508	2.173382173
4.06678	2.1001221
4.06848	2.197802198
4.07018	1.978021978
4.07188	1.88034188
4.07358	2.075702076
4.07528	2.417582418
4.07698	2.490842491
4.07868	2.173382173
4.08038	2.075702076
4.08208	1.953601954
4.08378	2.442002442
4.08548	1.807081807
4.08718	2.124542125
4.08888	1.831501832
4.09058	1.611721612
4.09228	1.88034188
4.09398	1.88034188
4.09568	2.051282051
4.09738	1.831501832
4.09908	1.978021978
4.10078	2.124542125
4.10248	2.075702076
4.10418	2.148962149
4.10588	1.709401709
4.10758	1.904761905
4.10928	2.026862027
4.11098	1.855921856
4.11268	1.636141636
4.11438	2.051282051
4.11608	2.490842491
4.11778	1.709401709
4.11948	2.002442002
4.12118	2.026862027
4.12288	1.807081807
4.12458	1.782661783
4.12628	1.611721612
4.12798	2.1001221
4.12968	1.636141636
4.13138	1.611721612
4.13308	1.953601954
4.13478	1.684981685
4.13648	2.344322344
4.13818	2.148962149
4.13988	2.148962149
4.14158	1.611721612
4.14328	2.075702076
4.14498	1.855921856
4.14668	1.733821734
4.14838	1.929181929
4.15008	1.904761905
4.15178	1.636141636
4.15348	2.026862027
4.15518	1.953601954
4.15688	1.929181929
4.15858	1.636141636
4.16028	1.831501832
4.16198	1.636141636
4.16368	1.684981685
4.16538	1.636141636
4.16708	1.855921856
4.16878	1.48962149
4.17048	1.48962149
4.17218	1.855921856
4.17388	1.465201465
4.17558	1.684981685
4.17728	1.807081807
4.17898	1.587301587
4.18068	1.807081807
4.18238	2.1001221
4.18408	1.636141636
4.18578	1.538461538
4.18748	1.660561661
4.18918	1.587301587
4.19088	1.636141636
4.19258	1.48962149
4.19428	1.514041514
4.19598	1.709401709
4.19768	1.587301587
4.19938	1.611721612
4.20108	1.562881563
4.20278	1.611721612
4.20448	1.611721612
4.20618	1.684981685
4.20788	1.953601954
4.20958	1.562881563
4.21128	1.514041514
4.21298	2.197802198
4.21468	1.807081807
4.21638	1.855921856
4.21808	1.538461538
4.21978	1.660561661
4.22148	1.709401709
4.22318	1.953601954
4.22488	1.294261294
4.22658	1.294261294
4.22828	1.733821734
4.22998	1.611721612
4.23168	1.465201465
4.23338	1.26984127
4.23508	1.562881563
4.23678	1.807081807
4.23848	1.391941392
4.24018	1.611721612
4.24188	1.416361416
4.24358	1.391941392
4.24528	1.416361416
4.24698	1.343101343
4.24868	1.562881563
4.25038	1.587301587
4.25208	1.465201465
4.25378	1.733821734
4.25548	1.978021978
4.25718	1.465201465
4.25888	1.48962149
4.26058	1.343101343
4.26228	1.611721612
4.26398	1.465201465
4.26568	1.172161172
4.26738	1.221001221
4.26908	1.172161172
4.27078	1.318681319
4.27248	1.440781441
4.27418	1.245421245
4.27588	1.48962149
4.27758	1.660561661
4.27928	1.587301587
4.28098	1.294261294
4.28268	1.611721612
4.28438	1.343101343
4.28608	1.196581197
4.28778	1.123321123
4.28948	1.294261294
4.29118	1.318681319
4.29288	0.927960928
4.29458	1.416361416
4.29628	1.831501832
4.29798	1.391941392
4.29968	1.538461538
4.30138	1.196581197
4.30308	1.733821734
4.30478	1.636141636
4.30648	1.391941392
4.30818	1.538461538
4.30988	1.611721612
4.31158	1.318681319
4.31328	1.538461538
4.31498	1.684981685
4.31668	1.391941392
4.31838	1.343101343
4.32008	1.465201465
4.32178	1.294261294
4.32348	1.001221001
4.32518	1.245421245
4.32688	1.294261294
4.32858	1.294261294
4.33028	1.26984127
4.33198	1.514041514
4.33368	0.9035409035
4.33538	1.416361416
4.33708	1.587301587
4.33878	1.318681319
4.34048	1.416361416
4.34218	1.343101343
4.34388	1.26984127
4.34558	1.074481074
4.34728	1.074481074
4.34898	1.172161172
4.35068	1.562881563
4.35238	1.26984127
4.35408	1.001221001
4.35578	1.367521368
4.35748	1.440781441
4.35918	1.367521368
4.36088	1.172161172
4.36258	1.343101343
4.36428	1.123321123
4.36598	1.318681319
4.36768	1.196581197
4.36938	1.123321123
4.37108	1.26984127
4.37278	0.8791208791
4.37448	1.221001221
4.37618	1.391941392
4.37788	0.8302808303
4.37958	1.367521368
4.38128	1.123321123
4.38298	1.48962149
4.38468	1.172161172
4.38638	1.245421245
4.38808	1.538461538
4.38978	1.196581197
4.39148	1.147741148
4.39318	0.9523809524
4.39488	1.636141636
4.39658	1.221001221
4.39828	1.465201465
4.39998	1.172161172
4.40168	1.098901099
4.40338	1.48962149
4.40508	1.26984127
4.40678	1.26984127
4.40848	0.8547008547
4.41018	1.098901099
4.41188	1.318681319
4.41358	1.514041514
4.41528	1.245421245
4.41698	1.294261294
4.41868	1.343101343
4.42038	1.05006105
4.42208	1.245421245
4.42378	1.098901099
4.42548	1.074481074
4.42718	1.391941392
4.42888	1.147741148
4.43058	0.9768009768
4.43228	1.48962149
4.43398	0.9523809524
4.43568	1.245421245
4.43738	1.172161172
4.43908	1.147741148
4.44078	0.9768009768
4.44248	0.927960928
4.44418	1.025641026
4.44588	0.6837606838
4.44758	0.7326007326
4.44928	1.074481074
4.45098	0.9035409035
4.45268	0.927960928
4.45438	1.025641026
4.45608	1.098901099
4.45778	1.26984127
4.45948	1.26984127
4.46118	1.001221001
4.46288	1.05006105
4.46458	1.05006105
4.46628	1.025641026
4.46798	0.8547008547
4.46968	0.9523809524
4.47138	1.074481074
4.47308	0.927960928
4.47478	1.025641026
4.47648	1.221001221
4.47818	0.9768009768
4.47988	0.927960928
4.48158	0.7081807082
4.48328	0.8547008547
4.48498	0.6593406593
4.48668	0.6837606838
4.48838	0.5860805861
4.49008	0.8547008547
4.49178	0.927960928
4.49348	0.8058608059
4.49518	1.05006105
4.49688	1.001221001
4.49858	1.123321123
4.50028	0.3907203907
4.50198	0.6105006105
4.50368	0.9035409035
4.50538	0.7814407814
4.50708	0.7326007326
4.50878	1.001221001
4.51048	0.5372405372
4.51218	0.8547008547
4.51388	0.4884004884
4.51558	0.7081807082
4.51728	0.6593406593
4.51898	0.8302808303
4.52068	0.5128205128
4.52238	0.3663003663
4.52408	0.8547008547
4.52578	0.6349206349
4.52748	0.7814407814
4.52918	0.5860805861
4.53088	0.7081807082
4.53258	1.001221001
4.53428	1.05006105
4.53598	0.7814407814
4.53768	0.6105006105
4.53938	0.8547008547
4.54108	0.6837606838
4.54278	0.6349206349
4.54448	1.098901099
4.54618	0.6105006105
4.54788	0.3907203907
4.54958	0.8058608059
4.55128	1.05006105
4.55298	0.9523809524
4.55468	1.098901099
4.55638	0.6837606838
4.55808	0.9035409035
4.55978	0.5616605617
4.56148	0.3663003663
4.56318	0.5860805861
4.56488	0.4395604396
4.56658	0.5860805861
4.56828	0.5860805861
4.56998	0.6105006105
4.57168	0.6105006105
4.57338	0.6349206349
4.57508	0.8058608059
4.57678	0.5860805861
4.57848	0.7814407814
4.58018	0.7081807082
4.58188	0.463980464
4.58358	0.7326007326
4.58528	0.4395604396
4.58698	0.7081807082
4.58868	0.4151404151
4.59038	0.6837606838
4.59208	0.5616605617
4.59378	0.3907203907
4.59548	0.6837606838
4.59718	0.463980464
4.59888	0.5616605617
4.60058	0.3174603175
4.60228	0.6837606838
4.60398	0.5616605617
4.60568	0.9768009768
4.60738	0.5616605617
4.60908	0.6349206349
4.61078	0.8058608059
4.61248	0.6593406593
4.61418	0.3418803419
4.61588	0.4151404151
4.61758	0.757020757
4.61928	0.3663003663
4.62098	0.1953601954
4.62268	0.6349206349
4.62438	0.8302808303
4.62608	0.7814407814
4.62778	0.3907203907
4.62948	1.05006105
4.63118	0.7326007326
4.63288	0.3907203907
4.63458	0.4884004884
4.63628	0.1465201465
4.63798	0.8791208791
4.63968	0.1709401709
4.64138	0.4151404151
4.64308	0.7081807082
4.64478	0.9035409035
4.64648	0.5372405372
4.64818	0.2197802198
4.64988	0.6105006105
4.65158	0.2442002442
4.65328	0.6837606838
4.65498	0.6837606838
4.65668	0.3418803419
4.65838	0.4884004884
4.66008	0.1465201465
4.66178	0.6593406593
4.66348	0.5860805861
4.66518	0.6837606838
4.66688	0.5860805861
4.66858	0.4884004884
4.67028	0.8058608059
4.67198	0.6837606838
4.67368	0.757020757
4.67538	0.1953601954
4.67708	0.7814407814
4.67878	0.6349206349
4.68048	0.5860805861
4.68218	0.8302808303
4.68388	0.3418803419
4.68558	0.757020757
4.68728	0.6837606838
4.68898	0.757020757
4.69068	0.6349206349
4.69238	0.7814407814
4.69408	0.8302808303
4.69578	0.4395604396
4.69748	0.5128205128
4.69918	0.5860805861
4.70088	0.5372405372
4.70258	0.4884004884
4.70428	0.6349206349
4.70598	0.8302808303
4.70768	0.757020757
4.70938	0.7081807082
4.71108	0.4395604396
4.71278	0.6105006105
4.71448	0.2686202686
4.71618	0.293040293
4.71788	0.4151404151
4.71958	0.1465201465
4.72128	0.5128205128
4.72298	0.2197802198
4.72468	0.6349206349
4.72638	0.6837606838
4.72808	0.7814407814
4.72978	0.3663003663
4.73148	0.7326007326
4.73318	0.6837606838
4.73488	0.5860805861
4.73658	0.757020757
4.73828	0.3418803419
4.73998	0.5128205128
4.74168	0.463980464
4.74338	0.4395604396
4.74508	0.5860805861
4.74678	0.5128205128
4.74848	0.757020757
4.75018	0.8547008547
4.75188	0.4395604396
4.75358	0.5372405372
4.75528	0.6349206349
4.75698	0.3907203907
4.75868	0.463980464
4.76038	0.5616605617
4.76208	0.4884004884
4.76378	0.3418803419
4.76548	0.8547008547
4.76718	0.8058608059
4.76888	0.927960928
4.77058	0.7326007326
4.77228	0.5128205128
4.77398	0.4395604396
4.77568	0.3907203907
4.77738	0.5860805861
4.77908	0.7081807082
4.78078	0.7814407814
4.78248	0.5372405372
4.78418	0.6105006105
4.78588	0.8058608059
4.78758	0.757020757
4.78928	0.7326007326
4.79098	0.5128205128
4.79268	1.196581197
4.79438	0.9523809524
4.79608	0.5616605617
4.79778	0.6105006105
4.79948	0.7814407814
4.80118	0.3174603175
4.80288	0.7081807082
4.80458	0.9035409035
4.80628	1.098901099
4.80798	0.9035409035
4.80968	0.6837606838
4.81138	0.8302808303
4.81308	0.5616605617
4.81478	0.6593406593
4.81648	0.757020757
4.81818	0.5372405372
4.81988	0.8302808303
4.82158	0.8302808303
4.82328	0.4395604396
4.82498	0.8791208791
4.82668	0.9523809524
4.82838	0.7326007326
4.83008	0.7081807082
4.83178	0.8302808303
4.83348	1.123321123
4.83518	0.757020757
4.83688	0.7081807082
4.83858	0.6349206349
4.84028	0.5860805861
4.84198	0.3907203907
4.84368	0.8547008547
4.84538	1.294261294
4.84708	1.098901099
4.84878	1.05006105
4.85048	0.6105006105
4.85218	0.6837606838
4.85388	0.6837606838
4.85558	0.757020757
4.85728	0.5860805861
4.85898	0.6349206349
4.86068	0.757020757
4.86238	0.8791208791
4.86408	1.05006105
4.86578	1.025641026
4.86748	1.221001221
4.86918	1.221001221
4.87088	0.9523809524
4.87258	0.927960928
4.87428	1.025641026
4.87598	0.7326007326
4.87768	0.8302808303
4.87938	1.05006105
4.88108	1.05006105
4.88278	0.6349206349
4.88448	0.8302808303
4.88618	1.221001221
4.88788	1.147741148
4.88958	1.074481074
4.89128	0.8058608059
4.89298	1.172161172
4.89468	0.7326007326
4.89638	0.5372405372
4.89808	0.7814407814
4.89978	0.8058608059
4.90148	0.8791208791
4.90318	0.8302808303
4.90488	1.025641026
4.90658	0.9768009768
4.90828	1.26984127
4.90998	0.8547008547
4.91168	0.8302808303
4.91338	1.098901099
4.91508	0.9035409035
4.91678	0.757020757
4.91848	1.123321123
4.92018	1.367521368
4.92188	0.9768009768
4.92358	0.927960928
4.92528	1.05006105
4.92698	0.9035409035
4.92868	1.294261294
4.93038	0.927960928
4.93208	1.05006105
4.93378	1.098901099
4.93548	0.7814407814
4.93718	0.7081807082
4.93888	1.001221001
4.94058	1.123321123
4.94228	0.7814407814
4.94398	1.245421245
4.94568	1.147741148
4.94738	0.8302808303
4.94908	1.294261294
4.95078	1.074481074
4.95248	1.123321123
4.95418	0.757020757
4.95588	0.8058608059
4.95758	0.9523809524
4.95928	1.221001221
4.96098	1.123321123
4.96268	0.6349206349
4.96438	1.172161172
4.96608	1.440781441
4.96778	1.025641026
4.96948	1.05006105
4.97118	0.6593406593
4.97288	1.196581197
4.97458	1.196581197
4.97628	0.9035409035
4.97798	0.8302808303
4.97968	1.025641026
4.98138	1.196581197
4.98308	1.172161172
4.98478	1.05006105
4.98648	1.147741148
4.98818	1.074481074
4.98988	0.9768009768
4.99158	1.26984127
4.99328	1.05006105
4.99498	1.123321123
4.99668	1.196581197
4.99838	0.8791208791
5.00008	1.172161172
5.00178	1.147741148
5.00348	0.927960928
5.00518	1.025641026
5.00688	0.9035409035
5.00858	1.416361416
5.01028	1.001221001
5.01198	1.26984127
5.01368	1.48962149
5.01538	1.05006105
5.01708	1.26984127
5.01878	1.221001221
5.02048	1.538461538
5.02218	1.147741148
5.02388	1.26984127
5.02558	1.367521368
5.02728	1.367521368
5.02898	1.440781441
5.03068	1.098901099
5.03238	0.7814407814
5.03408	0.8058608059
5.03578	1.123321123
5.03748	0.8058608059
5.03918	1.172161172
5.04088	0.8058608059
5.04258	1.245421245
5.04428	1.147741148
5.04598	1.440781441
5.04768	1.172161172
5.04938	1.367521368
5.05108	1.05006105
5.05278	0.9035409035
5.05448	1.318681319
5.05618	1.440781441
5.05788	1.26984127
5.05958	1.245421245
5.06128	1.26984127
5.06298	1.245421245
5.06468	1.26984127
5.06638	1.221001221
5.06808	1.758241758
5.06978	1.245421245
5.07148	1.318681319
5.07318	1.196581197
5.07488	1.172161172
5.07658	1.196581197
5.07828	1.098901099
5.07998	1.343101343
5.08168	1.318681319
5.08338	1.025641026
5.08508	1.48962149
5.08678	1.221001221
5.08848	1.196581197
5.09018	0.8302808303
5.09188	0.927960928
5.09358	1.147741148
5.09528	1.48962149
5.09698	1.465201465
5.09868	1.318681319
5.10038	1.587301587
5.10208	1.123321123
5.10378	1.733821734
5.10548	1.196581197
5.10718	1.318681319
5.10888	1.318681319
5.11058	0.8791208791
5.11228	1.172161172
5.11398	1.172161172
5.11568	1.001221001
5.11738	1.294261294
5.11908	0.9768009768
5.12078	1.538461538
5.12248	1.147741148
5.12418	1.26984127
5.12588	1.294261294
5.12758	1.172161172
5.12928	1.098901099
5.13098	1.367521368
5.13268	1.245421245
5.13438	0.7814407814
5.13608	1.440781441
5.13778	1.318681319
5.13948	1.367521368
5.14118	1.440781441
5.14288	1.196581197
5.14458	1.440781441
5.14628	1.26984127
5.14798	1.48962149
5.14968	1.416361416
5.15138	1.294261294
5.15308	1.221001221
5.15478	0.9523809524
5.15648	1.147741148
5.15818	0.927960928
5.15988	1.147741148
5.16158	1.562881563
5.16328	1.147741148
5.16498	1.245421245
5.16668	1.221001221
5.16838	1.758241758
5.17008	1.05006105
5.17178	1.221001221
5.17348	1.147741148
5.17518	1.294261294
5.17688	1.611721612
5.17858	1.172161172
5.18028	1.660561661
5.18198	1.367521368
5.18368	1.123321123
5.18538	1.318681319
5.18708	1.172161172
5.18878	1.611721612
5.19048	1.001221001
5.19218	1.367521368
5.19388	1.343101343
5.19558	1.221001221
5.19728	1.221001221
5.19898	1.343101343
5.20068	1.294261294
5.20238	1.465201465
5.20408	1.611721612
5.20578	0.9768009768
5.20748	1.123321123
5.20918	1.636141636
5.21088	1.245421245
5.21258	1.074481074
5.21428	0.7081807082
5.21598	1.514041514
5.21768	1.465201465
5.21938	1.196581197
5.22108	0.9768009768
5.22278	1.123321123
5.22448	1.074481074
5.22618	1.465201465
5.22788	1.245421245
5.22958	1.318681319
5.23128	0.8791208791
5.23298	1.733821734
5.23468	1.147741148
5.23638	1.367521368
5.23808	1.221001221
5.23978	1.562881563
5.24148	1.562881563
5.24318	1.172161172
5.24488	1.343101343
5.24658	1.440781441
5.24828	1.172161172
5.24998	1.245421245
5.25168	1.172161172
5.25338	1.245421245
5.25508	1.26984127
5.25678	1.294261294
5.25848	1.221001221
5.26018	1.48962149
5.26188	1.367521368
5.26358	1.221001221
5.26528	1.26984127
5.26698	1.123321123
5.26868	1.440781441
5.27038	1.074481074
5.27208	0.9768009768
5.27378	1.611721612
5.27548	1.48962149
5.27718	1.172161172
5.27888	1.147741148
5.28058	1.294261294
5.28228	1.538461538
5.28398	1.465201465
5.28568	1.465201465
5.28738	1.196581197
5.28908	1.221001221
5.29078	1.318681319
5.29248	1.05006105
5.29418	1.343101343
5.29588	1.318681319
5.29758	1.123321123
5.29928	1.318681319
5.30098	1.782661783
5.30268	1.245421245
5.30438	1.660561661
5.30608	1.587301587
5.30778	1.196581197
5.30948	1.318681319
5.31118	1.26984127
5.31288	1.343101343
5.31458	1.391941392
5.31628	1.709401709
5.31798	1.098901099
5.31968	1.343101343
5.32138	1.562881563
5.32308	1.587301587
5.32478	1.147741148
5.32648	1.318681319
5.32818	1.318681319
5.32988	1.367521368
5.33158	1.440781441
5.33328	1.221001221
5.33498	1.245421245
5.33668	1.343101343
5.33838	1.294261294
5.34008	1.48962149
5.34178	1.684981685
5.34348	1.48962149
5.34518	1.48962149
5.34688	1.636141636
5.34858	1.294261294
5.35028	0.9035409035
5.35198	1.416361416
5.35368	1.367521368
5.35538	1.636141636
5.35708	1.636141636
5.35878	1.465201465
5.36048	1.660561661
5.36218	1.587301587
5.36388	1.733821734
5.36558	1.587301587
5.36728	1.440781441
5.36898	1.440781441
5.37068	1.172161172
5.37238	1.440781441
5.37408	1.48962149
5.37578	1.684981685
5.37748	1.660561661
5.37918	1.465201465
5.38088	1.196581197
5.38258	1.538461538
5.38428	1.587301587
5.38598	1.001221001
5.38768	1.587301587
5.38938	1.416361416
5.39108	1.391941392
5.39278	1.294261294
5.39448	1.538461538
5.39618	1.587301587
5.39788	1.440781441
5.39958	1.587301587
5.40128	1.48962149
5.40298	1.245421245
5.40468	1.465201465
5.40638	1.294261294
5.40808	1.465201465
5.40978	1.514041514
5.41148	1.367521368
5.41318	1.587301587
5.41488	1.831501832
5.41658	1.709401709
5.41828	1.611721612
5.41998	1.709401709
5.42168	1.48962149
5.42338	1.514041514
5.42508	1.440781441
5.42678	1.465201465
5.42848	1.391941392
5.43018	1.074481074
5.43188	1.440781441
5.43358	1.294261294
5.43528	1.978021978
5.43698	1.465201465
5.43868	1.538461538
5.44038	1.855921856
5.44208	1.611721612
5.44378	1.855921856
5.44548	1.48962149
5.44718	1.88034188
5.44888	1.367521368
5.45058	1.660561661
5.45228	1.416361416
5.45398	1.367521368
5.45568	1.611721612
5.45738	1.343101343
5.45908	1.587301587
5.46078	2.051282051
5.46248	1.684981685
5.46418	1.758241758
5.46588	1.514041514
5.46758	1.978021978
5.46928	1.684981685
5.47098	1.514041514
5.47268	1.48962149
5.47438	1.514041514
5.47608	1.636141636
5.47778	1.123321123
5.47948	2.026862027
5.48118	1.758241758
5.48288	1.587301587
5.48458	1.587301587
5.48628	1.562881563
5.48798	1.904761905
5.48968	1.587301587
5.49138	1.245421245
5.49308	1.709401709
5.49478	1.904761905
5.49648	1.538461538
5.49818	1.514041514
5.49988	2.124542125
5.50158	2.075702076
5.50328	1.831501832
5.50498	1.733821734
5.50668	1.660561661
5.50838	2.026862027
5.51008	1.709401709
5.51178	1.88034188
5.51348	1.733821734
5.51518	1.855921856
5.51688	1.88034188
5.51858	1.758241758
5.52028	1.660561661
5.52198	1.733821734
5.52368	1.758241758
5.52538	1.904761905
5.52708	1.782661783
5.52878	1.440781441
5.53048	1.48962149
5.53218	1.684981685
5.53388	1.562881563
5.53558	2.051282051
5.53728	1.660561661
5.53898	1.733821734
5.54068	1.807081807
5.54238	1.684981685
5.54408	1.587301587
5.54578	1.88034188
5.54748	1.782661783
5.54918	1.807081807
5.55088	1.929181929
5.55258	1.807081807
5.55428	1.660561661
5.55598	1.953601954
5.55768	2.026862027
5.55938	1.953601954
5.56108	1.929181929
5.56278	2.075702076
5.56448	1.562881563
5.56618	1.831501832
5.56788	1.782661783
5.56958	1.978021978
5.57128	1.953601954
5.57298	1.709401709
5.57468	1.978021978
5.57638	1.904761905
5.57808	1.758241758
5.57978	1.904761905
5.58148	1.855921856
5.58318	2.075702076
5.58488	1.855921856
5.58658	1.782661783
5.58828	2.051282051
5.58998	1.684981685
5.59168	1.831501832
5.59338	1.48962149
5.59508	1.733821734
5.59678	1.953601954
5.59848	1.660561661
5.60018	2.417582418
5.60188	1.855921856
5.60358	1.855921856
5.60528	1.709401709
5.60698	1.88034188
5.60868	1.660561661
5.61038	1.538461538
5.61208	2.026862027
5.61378	1.538461538
5.61548	2.124542125
5.61718	2.148962149
5.61888	2.026862027
5.62058	1.953601954
5.62228	2.075702076
5.62398	1.758241758
5.62568	1.636141636
5.62738	1.978021978
5.62908	1.758241758
5.63078	2.026862027
5.63248	1.831501832
5.63418	1.855921856
5.63588	2.051282051
5.63758	1.611721612
5.63928	1.978021978
5.64098	1.831501832
5.64268	2.393162393
5.64438	2.075702076
5.64608	1.831501832
5.64778	2.026862027
5.64948	1.611721612
5.65118	2.173382173
5.65288	1.660561661
5.65458	1.904761905
5.65628	2.124542125
5.65798	2.075702076
5.65968	1.782661783
5.66138	1.953601954
5.66308	1.855921856
5.66478	1.636141636
5.66648	1.807081807
5.66818	2.051282051
5.66988	2.124542125
5.67158	1.782661783
5.67328	1.709401709
5.67498	1.978021978
5.67668	2.026862027
5.67838	1.855921856
5.68008	2.002442002
5.68178	1.904761905
5.68348	1.733821734
5.68518	1.48962149
5.68688	2.124542125
5.68858	1.807081807
5.69028	1.88034188
5.69198	1.831501832
5.69368	1.782661783
5.69538	1.978021978
5.69708	2.026862027
5.69878	2.075702076
5.70048	2.31990232
5.70218	2.197802198
5.70388	1.807081807
5.70558	1.26984127
5.70728	2.002442002
5.70898	1.88034188
5.71068	2.026862027
5.71238	2.222222222
5.71408	1.587301587
5.71578	2.490842491
5.71748	2.148962149
5.71918	2.222222222
5.72088	2.173382173
5.72258	1.953601954
5.72428	2.026862027
5.72598	1.831501832
5.72768	2.246642247
5.72938	1.929181929
5.73108	2.466422466
5.73278	1.807081807
5.73448	2.051282051
5.73618	2.197802198
5.73788	2.515262515
5.73958	1.88034188
5.74128	1.831501832
5.74298	2.173382173
5.74468	2.148962149
5.74638	1.953601954
5.74808	2.1001221
5.74978	1.831501832
5.75148	1.904761905
5.75318	2.051282051
5.75488	2.051282051
5.75658	2.222222222
5.75828	1.855921856
5.75998	2.197802198
5.76168	1.904761905
5.76338	2.026862027
5.76508	1.758241758
5.76678	1.88034188
5.76848	1.904761905
5.77018	2.124542125
5.77188	2.002442002
5.77358	1.953601954
5.77528	1.978021978
5.77698	2.026862027
5.77868	2.173382173
5.78038	2.31990232
5.78208	2.124542125
5.78378	1.807081807
5.78548	1.904761905
5.78718	2.173382173
5.78888	2.197802198
5.79058	2.124542125
5.79228	2.002442002
5.79398	1.636141636
5.79568	2.515262515
5.79738	2.002442002
5.79908	2.148962149
5.80078	2.026862027
5.80248	2.368742369
5.80418	1.978021978
5.80588	1.562881563
5.80758	2.564102564
5.80928	2.442002442
5.81098	2.173382173
5.81268	1.88034188
5.81438	2.368742369
5.81608	2.344322344
5.81778	1.904761905
5.81948	2.271062271
5.82118	2.173382173
5.82288	2.173382173
5.82458	2.051282051
5.82628	1.929181929
5.82798	1.855921856
5.82968	2.1001221
5.83138	2.051282051
5.83308	1.978021978
5.83478	1.758241758
5.83648	2.1001221
5.83818	2.368742369
5.83988	2.075702076
5.84158	2.075702076
5.84328	1.978021978
5.84498	2.222222222
5.84668	2.002442002
5.84838	2.31990232
5.85008	1.978021978
5.85178	2.368742369
5.85348	1.953601954
5.85518	2.368742369
5.85688	2.393162393
5.85858	2.490842491
5.86028	2.442002442
5.86198	2.344322344
5.86368	2.197802198
5.86538	2.1001221
5.86708	2.051282051
5.86878	2.222222222
5.87048	1.978021978
5.87218	1.88034188
5.87388	2.393162393
5.87558	2.417582418
5.87728	2.442002442
5.87898	2.417582418
5.88068	2.246642247
5.88238	2.197802198
5.88408	2.173382173
5.88578	1.88034188
5.88748	1.88034188
5.88918	2.075702076
5.89088	2.31990232
5.89258	1.929181929
5.89428	2.515262515
5.89598	2.417582418
5.89768	2.124542125
5.89938	2.173382173
5.90108	2.002442002
5.90278	2.368742369
5.90448	2.393162393
5.90618	2.124542125
5.90788	2.417582418
5.90958	2.857142857
5.91128	2.417582418
5.91298	2.31990232
5.91468	2.31990232
5.91638	2.393162393
5.91808	2.222222222
5.91978	2.124542125
5.92148	2.222222222
5.92318	2.173382173
5.92488	2.246642247
5.92658	1.855921856
5.92828	2.393162393
5.92998	2.148962149
5.93168	2.1001221
5.93338	2.222222222
5.93508	2.222222222
5.93678	2.417582418
5.93848	2.1001221
5.94018	2.295482295
5.94188	2.124542125
5.94358	2.515262515
5.94528	1.904761905
5.94698	2.222222222
5.94868	2.026862027
5.95038	2.026862027
5.95208	2.002442002
5.95378	2.515262515
5.95548	2.759462759
5.95718	1.904761905
5.95888	2.344322344
5.96058	2.222222222
5.96228	2.173382173
5.96398	2.393162393
5.96568	2.1001221
5.96738	1.831501832
5.96908	2.222222222
5.97078	2.393162393
5.97248	2.222222222
5.97418	2.222222222
5.97588	2.148962149
5.97758	2.295482295
5.97928	1.904761905
5.98098	1.904761905
5.98268	2.490842491
5.98438	2.344322344
5.98608	2.344322344
5.98778	2.417582418
5.98948	2.173382173
5.99118	2.344322344
5.99288	2.466422466
5.99458	2.588522589
5.99628	2.735042735
5.99798	2.515262515
5.99968	2.246642247
6.00138	1.88034188
6.00308	2.661782662
6.00478	2.271062271
6.00648	2.246642247
6.00818	2.490842491
6.00988	2.393162393
6.01158	2.442002442
6.01328	2.124542125
6.01498	2.295482295
6.01668	2.026862027
6.01838	2.31990232
6.02008	1.88034188
6.02178	2.002442002
6.02348	2.53968254
6.02518	2.246642247
6.02688	2.173382173
6.02858	2.637362637
6.03028	2.564102564
6.03198	2.075702076
6.03368	2.173382173
6.03538	2.637362637
6.03708	2.442002442
6.03878	2.515262515
6.04048	1.88034188
6.04218	2.564102564
6.04388	2.710622711
6.04558	2.271062271
6.04728	2.368742369
6.04898	2.344322344
6.05068	2.442002442
6.05238	2.002442002
6.05408	2.417582418
6.05578	2.490842491
6.05748	2.588522589
6.05918	2.393162393
6.06088	2.124542125
6.06258	2.466422466
6.06428	2.637362637
6.06598	2.197802198
6.06768	2.417582418
6.06938	2.173382173
6.07108	2.417582418
6.07278	2.564102564
6.07448	2.295482295
6.07618	2.344322344
6.07788	2.271062271
6.07958	2.661782662
6.08128	2.246642247
6.08298	2.53968254
6.08468	2.173382173
6.08638	2.442002442
6.08808	2.002442002
6.08978	2.344322344
6.09148	2.490842491
6.09318	2.417582418
6.09488	2.490842491
6.09658	2.637362637
6.09828	2.344322344
6.09998	2.515262515
6.10168	2.197802198
6.10338	2.588522589
6.10508	2.515262515
6.10678	2.564102564
6.10848	2.588522589
6.11018	2.808302808
6.11188	2.710622711
6.11358	2.490842491
6.11528	2.564102564
6.11698	2.661782662
6.11868	2.783882784
6.12038	2.344322344
6.12208	2.442002442
6.12378	2.417582418
6.12548	2.368742369
6.12718	2.417582418
6.12888	2.393162393
6.13058	2.759462759
6.13228	2.295482295
6.13398	2.661782662
6.13568	2.759462759
6.13738	2.686202686
6.13908	2.735042735
6.14078	2.31990232
6.14248	2.466422466
6.14418	2.222222222
6.14588	2.515262515
6.14758	2.368742369
6.14928	2.466422466
6.15098	2.710622711
6.15268	2.612942613
6.15438	2.271062271
6.15608	2.735042735
6.15778	2.417582418
6.15948	2.783882784
6.16118	2.53968254
6.16288	2.490842491
6.16458	2.661782662
6.16628	2.686202686
6.16798	2.1001221
6.16968	2.686202686
6.17138	2.271062271
6.17308	2.490842491
6.17478	2.564102564
6.17648	2.564102564
6.17818	2.93040293
6.17988	2.026862027
6.18158	2.490842491
6.18328	2.490842491
6.18498	2.564102564
6.18668	2.515262515
6.18838	2.246642247
6.19008	2.564102564
6.19178	2.93040293
6.19348	2.832722833
6.19518	2.93040293
6.19688	2.832722833
6.19858	2.686202686
6.20028	2.31990232
6.20198	2.588522589
6.20368	2.442002442
6.20538	2.271062271
6.20708	2.124542125
6.20878	2.466422466
6.21048	2.832722833
6.21218	2.759462759
6.21388	2.881562882
6.21558	2.490842491
6.21728	2.344322344
6.21898	2.344322344
6.22068	2.588522589
6.22238	2.686202686
6.22408	2.368742369
6.22578	2.515262515
6.22748	2.393162393
6.22918	2.661782662
6.23088	2.808302808
6.23258	3.321123321
6.23428	2.53968254
6.23598	2.222222222
6.23768	2.759462759
6.23938	2.735042735
6.24108	2.735042735
6.24278	2.026862027
6.24448	2.564102564
6.24618	2.393162393
6.24788	2.442002442
6.24958	2.588522589
6.25128	2.442002442
6.25298	2.564102564
6.25468	2.271062271
6.25638	2.393162393
6.25808	2.515262515
6.25978	2.148962149
6.26148	2.148962149
6.26318	2.808302808
6.26488	2.661782662
6.26658	2.857142857
6.26828	2.637362637
6.26998	2.857142857
6.27168	2.368742369
6.27338	2.637362637
6.27508	2.832722833
6.27678	2.857142857
6.27848	2.564102564
6.28018	2.466422466
6.28188	2.686202686
6.28358	2.417582418
6.28528	2.271062271
6.28698	2.588522589
6.28868	2.588522589
6.29038	2.564102564
6.29208	2.783882784
6.29378	2.905982906
6.29548	2.564102564
6.29718	3.052503053
6.29888	2.905982906
6.30058	2.442002442
6.30228	2.564102564
6.30398	2.515262515
6.30568	2.53968254
6.30738	2.612942613
6.30908	2.710622711
6.31078	3.174603175
6.31248	2.783882784
6.31418	2.905982906
6.31588	2.881562882
6.31758	2.857142857
6.31928	2.759462759
6.32098	2.808302808
6.32268	2.686202686
6.32438	2.710622711
6.32608	2.808302808
6.32778	2.393162393
6.32948	2.637362637
6.33118	2.637362637
6.33288	2.783882784
6.33458	2.979242979
6.33628	2.686202686
6.33798	2.466422466
6.33968	2.612942613
6.34138	2.271062271
6.34308	2.661782662
6.34478	2.637362637
6.34648	2.954822955
6.34818	2.393162393
6.34988	2.783882784
6.35158	2.93040293
6.35328	2.881562882
6.35498	2.637362637
6.35668	2.686202686
6.35838	2.53968254
6.36008	2.246642247
6.36178	2.710622711
6.36348	2.368742369
6.36518	2.222222222
6.36688	2.661782662
6.36858	2.393162393
6.37028	2.442002442
6.37198	2.832722833
6.37368	2.393162393
6.37538	2.637362637
6.37708	2.735042735
6.37878	2.417582418
6.38048	2.686202686
6.38218	2.588522589
6.38388	2.173382173
6.38558	2.612942613
6.38728	2.490842491
6.38898	2.466422466
6.39068	2.832722833
6.39238	2.490842491
6.39408	2.710622711
6.39578	2.466422466
6.39748	2.783882784
6.39918	2.686202686
6.40088	2.808302808
6.40258	2.368742369
6.40428	2.783882784
6.40598	2.832722833
6.40768	2.271062271
6.40938	2.686202686
6.41108	2.905982906
6.41278	2.832722833
6.41448	2.857142857
6.41618	2.686202686
6.41788	2.832722833
6.41958	3.052503053
6.42128	2.368742369
6.42298	2.759462759
6.42468	2.637362637
6.42638	2.710622711
6.42808	2.271062271
6.42978	2.954822955
6.43148	2.881562882
6.43318	2.759462759
6.43488	2.735042735
6.43658	2.344322344
6.43828	2.857142857
6.43998	2.393162393
6.44168	2.735042735
6.44338	2.686202686
6.44508	2.905982906
6.44678	2.857142857
6.44848	2.368742369
6.45018	2.979242979
6.45188	3.076923077
6.45358	2.905982906
6.45528	2.442002442
6.45698	2.466422466
6.45868	3.028083028
6.46038	2.490842491
6.46208	2.612942613
6.46378	2.466422466
6.46548	2.905982906
6.46718	2.075702076
6.46888	2.857142857
6.47058	2.93040293
6.47228	2.53968254
6.47398	2.515262515
6.47568	2.173382173
6.47738	2.393162393
6.47908	2.417582418
6.48078	2.368742369
6.48248	2.466422466
6.48418	2.222222222
6.48588	2.686202686
6.48758	2.661782662
6.48928	2.515262515
6.49098	2.857142857
6.49268	2.564102564
6.49438	2.857142857
6.49608	2.442002442
6.49778	2.857142857
6.49948	2.417582418
6.50118	2.466422466
6.50288	2.466422466
6.50458	2.246642247
6.50628	2.832722833
6.50798	2.271062271
6.50968	2.710622711
6.51138	2.735042735
6.51308	2.53968254
6.51478	2.393162393
6.51648	2.31990232
6.51818	2.686202686
6.51988	2.344322344
6.52158	2.490842491
6.52328	2.31990232
6.52498	2.588522589
6.52668	2.637362637
6.52838	2.466422466
6.53008	2.881562882
6.53178	2.661782662
6.53348	3.052503053
6.53518	2.612942613
6.53688	2.490842491
6.53858	2.637362637
6.54028	2.466422466
6.54198	2.612942613
6.54368	2.466422466
6.54538	2.515262515
6.54708	2.783882784
6.54878	2.881562882
6.55048	2.857142857
6.55218	2.53968254
6.55388	2.612942613
6.55558	2.710622711
6.55728	2.735042735
6.55898	2.881562882
6.56068	2.393162393
6.56238	2.31990232
6.56408	2.588522589
6.56578	2.222222222
6.56748	2.393162393
6.56918	2.783882784
6.57088	2.832722833
6.57258	2.783882784
6.57428	2.612942613
6.57598	2.564102564
6.57768	2.783882784
6.57938	2.515262515
6.58108	2.344322344
6.58278	2.515262515
6.58448	2.124542125
6.58618	2.637362637
6.58788	2.53968254
6.58958	2.637362637
6.59128	3.028083028
6.59298	2.637362637
6.59468	2.344322344
6.59638	2.368742369
6.59808	2.588522589
6.59978	2.466422466
6.60148	2.783882784
6.60318	2.808302808
6.60488	2.368742369
6.60658	2.661782662
6.60828	2.490842491
6.60998	2.735042735
6.61168	2.612942613
6.61338	2.393162393
6.61508	2.344322344
6.61678	2.490842491
6.61848	2.588522589
6.62018	2.588522589
6.62188	2.173382173
6.62358	2.002442002
6.62528	2.222222222
6.62698	2.466422466
6.62868	2.783882784
6.63038	2.832722833
6.63208	2.93040293
6.63378	2.881562882
6.63548	2.93040293
6.63718	2.197802198
6.63888	2.759462759
6.64058	2.417582418
6.64228	2.588522589
6.64398	2.53968254
6.64568	2.759462759
6.64738	2.661782662
6.64908	2.295482295
6.65078	2.344322344
6.65248	2.442002442
6.65418	2.124542125
6.65588	2.417582418
6.65758	2.53968254
6.65928	2.1001221
6.66098	1.953601954
6.66268	2.344322344
6.66438	2.588522589
6.66608	2.710622711
6.66778	2.124542125
6.66948	2.661782662
6.67118	2.442002442
6.67288	2.344322344
6.67458	2.686202686
6.67628	2.466422466
6.67798	2.735042735
6.67968	2.075702076
6.68138	3.003663004
6.68308	2.31990232
6.68478	2.808302808
6.68648	2.466422466
6.68818	2.564102564
6.68988	2.295482295
6.69158	2.612942613
6.69328	2.515262515
6.69498	2.466422466
6.69668	2.222222222
6.69838	2.564102564
6.70008	2.197802198
6.70178	2.466422466
6.70348	2.173382173
6.70518	2.490842491
6.70688	2.417582418
6.70858	2.466422466
6.71028	2.881562882
6.71198	2.564102564
6.71368	2.246642247
6.71538	2.271062271
6.71708	2.564102564
6.71878	2.368742369
6.72048	2.173382173
6.72218	2.637362637
6.72388	2.344322344
6.72558	3.052503053
6.72728	2.53968254
6.72898	2.368742369
6.73068	2.759462759
6.73238	2.686202686
6.73408	2.222222222
6.73578	2.222222222
6.73748	2.393162393
6.73918	2.490842491
6.74088	2.710622711
6.74258	2.31990232
6.74428	2.442002442
6.74598	2.442002442
6.74768	2.417582418
6.74938	2.905982906
6.75108	3.003663004
6.75278	2.442002442
6.75448	2.588522589
6.75618	2.393162393
6.75788	2.490842491
6.75958	2.393162393
6.76128	2.393162393
6.76298	2.197802198
6.76468	2.075702076
6.76638	2.490842491
6.76808	2.564102564
6.76978	2.31990232
6.77148	2.661782662
6.77318	2.661782662
6.77488	2.417582418
6.77658	2.393162393
6.77828	2.637362637
6.77998	2.173382173
6.78168	2.31990232
6.78338	2.197802198
6.78508	2.515262515
6.78678	2.148962149
6.78848	2.124542125
6.79018	2.564102564
6.79188	2.442002442
6.79358	2.466422466
6.79528	2.295482295
6.79698	2.442002442
6.79868	2.417582418
6.80038	2.002442002
6.80208	2.31990232
6.80378	2.368742369
6.80548	2.661782662
6.80718	2.735042735
6.80888	2.442002442
6.81058	2.686202686
6.81228	2.710622711
6.81398	2.31990232
6.81568	2.442002442
6.81738	2.344322344
6.81908	2.661782662
6.82078	2.222222222
6.82248	2.246642247
6.82418	2.295482295
6.82588	2.295482295
6.82758	2.295482295
6.82928	2.368742369
6.83098	2.490842491
6.83268	2.515262515
6.83438	2.783882784
6.83608	2.490842491
6.83778	2.808302808
6.83948	2.051282051
6.84118	2.661782662
6.84288	2.173382173
6.84458	2.490842491
6.84628	2.466422466
6.84798	2.466422466
6.84968	2.490842491
6.85138	2.490842491
6.85308	2.31990232
6.85478	2.710622711
6.85648	2.637362637
6.85818	2.832722833
6.85988	2.173382173
6.86158	2.246642247
6.86328	2.393162393
6.86498	2.53968254
6.86668	2.808302808
6.86838	2.173382173
6.87008	2.466422466
6.87178	2.905982906
6.87348	2.31990232
6.87518	2.564102564
6.87688	2.173382173
6.87858	2.271062271
6.88028	2.222222222
6.88198	2.246642247
6.88368	1.953601954
6.88538	2.637362637
6.88708	2.368742369
6.88878	2.222222222
6.89048	2.295482295
6.89218	2.368742369
6.89388	2.368742369
6.89558	1.953601954
6.89728	2.197802198
6.89898	2.344322344
6.90068	2.588522589
6.90238	2.173382173
6.90408	2.075702076
6.90578	2.466422466
6.90748	2.31990232
6.90918	2.197802198
6.91088	2.197802198
6.91258	2.295482295
6.91428	2.368742369
6.91598	2.246642247
6.91768	2.295482295
6.91938	2.148962149
6.92108	2.271062271
6.92278	2.295482295
6.92448	2.368742369
6.92618	2.564102564
6.92788	2.368742369
6.92958	2.466422466
6.93128	2.393162393
6.93298	2.808302808
6.93468	1.978021978
6.93638	1.684981685
6.93808	2.197802198
6.93978	2.368742369
6.94148	2.344322344
6.94318	1.978021978
6.94488	2.31990232
6.94658	2.466422466
6.94828	1.978021978
6.94998	2.637362637
6.95168	2.295482295
6.95338	2.271062271
6.95508	2.661782662
6.95678	2.075702076
6.95848	2.124542125
6.96018	2.148962149
6.96188	1.562881563
6.96358	2.026862027
6.96528	2.393162393
6.96698	2.344322344
6.96868	2.466422466
6.97038	2.148962149
6.97208	2.31990232
6.97378	2.271062271
6.97548	1.978021978
6.97718	2.148962149
6.97888	2.222222222
6.98058	2.490842491
6.98228	2.368742369
6.98398	2.295482295
6.98568	2.686202686
6.98738	2.344322344
6.98908	2.124542125
6.99078	2.368742369
6.99248	2.612942613
6.99418	2.344322344
6.99588	2.368742369
6.99758	2.197802198
6.99928	2.246642247
