Bruker BioSpin GmbH: the minispec
DataType=5
DataLimits=0.03778,6.99928,4096
DataUnit=Time/ms,Intensity/%
c:\program files\bruker the minispec\application pool demo\fid.app
28.09.2024 12:10:56

0.03778	141.4163614
0.03948	141.4163614
0.04118	141.4163614
0.04288	141.4163614
0.04458	141.4163614
0.04628	141.4163614
0.04798	141.4163614
0.04968	141.4163614
0.05138	141.4163614
0.05308	141.4163614
0.05478	141.4163614
0.05648	141.4163614
0.05818	141.4163614
0.05988	141.4163614
0.06158	141.4163614
0.06328	141.4163614
0.06498	141.4163614
0.06668	141.4163614
0.06838	141.4163614
0.07008	141.4163614
0.07178	141.4163614
0.07348	141.4163614
0.07518	141.4163614
0.07688	141.4163614
0.07858	141.4163614
0.08028	141.4163614
0.08198	141.4163614
0.08368	141.4163614
0.08538	141.4163614
0.08708	141.4163614
0.08878	141.4163614
0.09048	141.4163614
0.09218	141.4163614
0.09388	141.4163614
0.09558	141.4163614
0.09728	141.4163614
0.09898	141.4163614
0.10068	141.4163614
0.10238	141.4163614
0.10408	141.4163614
0.10578	141.4163614
0.10748	141.4163614
0.10918	141.4163614
0.11088	141.4163614
0.11258	141.4163614
0.11428	141.4163614
0.11598	141.4163614
0.11768	141.4163614
0.11938	141.4163614
0.12108	141.4163614
0.12278	141.4163614
0.12448	141.4163614
0.12618	141.4163614
0.12788	141.4163614
0.12958	141.4163614
0.13128	141.4163614
0.13298	141.4163614
0.13468	141.4163614
0.13638	141.4163614
0.13808	141.4163614
0.13978	141.4163614
0.14148	141.4163614
0.14318	141.4163614
0.14488	141.4163614
0.14658	141.4163614
0.14828	141.4163614
0.14998	141.4163614
0.15168	141.4163614
0.15338	141.4163614
0.15508	141.4163614
0.15678	141.4163614
0.15848	141.4163614
0.16018	141.4163614
0.16188	141.4163614
0.16358	141.4163614
0.16528	141.4163614
0.16698	141.4163614
0.16868	141.4163614
0.17038	141.4163614
0.17208	141.4163614
0.17378	141.4163614
0.17548	141.4163614
0.17718	141.4163614
0.17888	141.4163614
0.18058	141.4163614
0.18228	141.4163614
0.18398	141.4163614
0.18568	141.4163614
0.18738	141.4163614
0.18908	141.4163614
0.19078	141.4163614
0.19248	141.4163614
0.19418	141.4163614
0.19588	141.4163614
0.19758	141.4163614
0.19928	141.4163614
0.20098	141.4163614
0.20268	141.4163614
0.20438	141.4163614
0.20608	141.4163614
0.20778	141.4163614
0.20948	141.4163614
0.21118	141.4163614
0.21288	141.4163614
0.21458	141.4163614
0.21628	141.4163614
0.21798	141.4163614
0.21968	141.4163614
0.22138	141.4163614
0.22308	141.4163614
0.22478	141.4163614
0.22648	141.4163614
0.22818	141.4163614
0.22988	141.4163614
0.23158	141.4163614
0.23328	141.4163614
0.23498	141.4163614
0.23668	141.4163614
0.23838	141.4163614
0.24008	141.4163614
0.24178	141.4163614
0.24348	141.4163614
0.24518	141.4163614
0.24688	141.4163614
0.24858	141.4163614
0.25028	141.4163614
0.25198	141.4163614
0.25368	141.4163614
0.25538	141.4163614
0.25708	141.4163614
0.25878	141.4163614
0.26048	141.4163614
0.26218	141.4163614
0.26388	141.4163614
0.26558	141.4163614
0.26728	141.4163614
0.26898	141.4163614
0.27068	141.4163614
0.27238	141.4163614
0.27408	141.4163614
0.27578	141.4163614
0.27748	141.4163614
0.27918	141.4163614
0.28088	141.4163614
0.28258	141.4163614
0.28428	141.4163614
0.28598	141.4163614
0.28768	141.4163614
0.28938	141.4163614
0.29108	141.4163614
0.29278	141.4163614
0.29448	141.4163614
0.29618	141.4163614
0.29788	141.4163614
0.29958	141.4163614
0.30128	141.4163614
0.30298	141.4163614
0.30468	141.4163614
0.30638	141.4163614
0.30808	141.4163614
0.30978	141.4163614
0.31148	141.4163614
0.31318	141.4163614
0.31488	141.4163614
0.31658	141.4163614
0.31828	141.4163614
0.31998	141.4163614
0.32168	141.4163614
0.32338	141.4163614
0.32508	141.4163614
0.32678	141.4163614
0.32848	141.4163614
0.33018	141.4163614
0.33188	141.4163614
0.33358	141.4163614
0.33528	141.4163614
0.33698	141.4163614
0.33868	141.4163614
0.34038	141.4163614
0.34208	141.4163614
0.34378	141.4163614
0.34548	141.4163614
0.34718	141.4163614
0.34888	141.4163614
0.35058	141.4163614
0.35228	141.4163614
0.35398	141.4163614
0.35568	141.4163614
0.35738	141.4163614
0.35908	141.4163614
0.36078	141.4163614
0.36248	141.4163614
0.36418	141.4163614
0.36588	141.4163614
0.36758	141.4163614
0.36928	141.4163614
0.37098	141.4163614
0.37268	141.4163614
0.37438	141.4163614
0.37608	141.4163614
0.37778	141.4163614
0.37948	141.4163614
0.38118	141.4163614
0.38288	141.4163614
0.38458	141.4163614
0.38628	141.4163614
0.38798	141.4163614
0.38968	141.4163614
0.39138	141.4163614
0.39308	141.4163614
0.39478	141.4163614
0.39648	141.4163614
0.39818	141.4163614
0.39988	141.4163614
0.40158	141.4163614
0.40328	141.4163614
0.40498	141.4163614
0.40668	141.4163614
0.40838	141.4163614
0.41008	141.4163614
0.41178	141.4163614
0.41348	141.4163614
0.41518	141.4163614
0.41688	141.4163614
0.41858	141.4163614
0.42028	141.4163614
0.42198	141.4163614
0.42368	141.4163614
0.42538	141.4163614
0.42708	141.4163614
0.42878	141.4163614
0.43048	141.4163614
0.43218	141.4163614
0.43388	141.4163614
0.43558	141.4163614
0.43728	141.4163614
0.43898	141.4163614
0.44068	141.4163614
0.44238	141.4163614
0.44408	141.4163614
0.44578	141.4163614
0.44748	141.4163614
0.44918	141.4163614
0.45088	141.4163614
0.45258	141.4163614
0.45428	141.4163614
0.45598	141.4163614
0.45768	141.4163614
0.45938	141.4163614
0.46108	141.4163614
0.46278	141.4163614
0.46448	141.4163614
0.46618	141.4163614
0.46788	141.4163614
0.46958	141.4163614
0.47128	141.4163614
0.47298	141.4163614
0.47468	141.4163614
0.47638	141.4163614
0.47808	141.4163614
0.47978	141.4163614
0.48148	141.4163614
0.48318	141.4163614
0.48488	141.4163614
0.48658	141.4163614
0.48828	141.4163614
0.48998	141.4163614
0.49168	141.4163614
0.49338	141.4163614
0.49508	141.4163614
0.49678	141.4163614
0.49848	141.4163614
0.50018	141.4163614
0.50188	141.4163614
0.50358	141.4163614
0.50528	141.4163614
0.50698	141.4163614
0.50868	141.4163614
0.51038	141.4163614
0.51208	141.4163614
0.51378	141.4163614
0.51548	141.4163614
0.51718	141.4163614
0.51888	141.4163614
0.52058	141.4163614
0.52228	141.4163614
0.52398	141.4163614
0.52568	141.4163614
0.52738	141.4163614
0.52908	141.4163614
0.53078	141.4163614
0.53248	141.4163614
0.53418	141.4163614
0.53588	141.4163614
0.53758	141.4163614
0.53928	141.4163614
0.54098	141.4163614
0.54268	141.4163614
0.54438	141.4163614
0.54608	141.4163614
0.54778	141.4163614
0.54948	141.4163614
0.55118	141.4163614
0.55288	141.4163614
0.55458	141.4163614
0.55628	141.4163614
0.55798	141.4163614
0.55968	141.4163614
0.56138	141.4163614
0.56308	141.4163614
0.56478	141.4163614
0.56648	141.4163614
0.56818	141.4163614
0.56988	141.4163614
0.57158	141.4163614
0.57328	141.4163614
0.57498	141.4163614
0.57668	141.1233211
0.57838	140.6593407
0.58008	140.7814408
0.58178	140.1465201
0.58348	139.7802198
0.58518	139.2673993
0.58688	138.8034188
0.58858	138.5103785
0.59028	138.0952381
0.59198	137.2161172
0.59368	137.1184371
0.59538	136.8498168
0.59708	136.3369963
0.59878	135.8974359
0.60048	135.4578755
0.60218	135.0915751
0.60388	134.7008547
0.60558	134.1880342
0.60728	133.8461538
0.60898	133.3577534
0.61068	132.9426129
0.61238	132.4542125
0.61408	132.3076923
0.61578	131.6239316
0.61748	131.5262515
0.61918	131.0866911
0.62088	130.5982906
0.62258	130.3540904
0.62428	129.8656899
0.62598	129.6947497
0.62768	129.035409
0.62938	128.9133089
0.63108	128.3760684
0.63278	127.8388278
0.63448	127.8632479
0.63618	127.1306471
0.63788	126.8131868
0.63958	126.6666667
0.64128	126.1538462
0.64298	125.9340659
0.64468	125.6410256
0.64638	125.2014652
0.64808	125.006105
0.64978	124.6153846
0.65148	124.1758242
0.65318	123.6874237
0.65488	123.5653236
0.65658	122.9304029
0.65828	122.8571429
0.65998	122.4908425
0.66168	122.1489621
0.66338	121.8315018
0.66508	121.4407814
0.66678	121.2698413
0.66848	120.9279609
0.67018	120.6593407
0.67188	120.1953602
0.67358	120.0732601
0.67528	119.8290598
0.67698	119.3650794
0.67868	119.1697192
0.68038	118.8278388
0.68208	118.6080586
0.68378	118.2905983
0.68548	117.997558
0.68718	117.7045177
0.68888	117.4603175
0.69058	117.045177
0.69228	116.9474969
0.69398	116.6300366
0.69568	116.1660562
0.69738	115.7753358
0.69908	115.6532357
0.70078	115.5067155
0.70248	115.3846154
0.70418	114.993895
0.70588	114.8229548
0.70758	114.4322344
0.70928	114.2368742
0.71098	113.8461538
0.71268	113.5286935
0.71438	113.4310134
0.71608	113.1623932
0.71778	113.015873
0.71948	112.7960928
0.72118	112.5030525
0.72288	112.3076923
0.72458	111.9413919
0.72628	111.7704518
0.72798	111.4529915
0.72968	111.3308913
0.73138	110.9157509
0.73308	110.7692308
0.73478	110.5982906
0.73648	110.4761905
0.73818	110.2319902
0.73988	110.0610501
0.74158	109.8901099
0.74328	109.7680098
0.74498	109.4505495
0.74668	109.3040293
0.74838	109.0842491
0.75008	108.962149
0.75178	108.6202686
0.75348	108.3272283
0.75518	108.3760684
0.75688	108.1562882
0.75858	108.0586081
0.76028	107.7899878
0.76198	107.7167277
0.76368	107.3260073
0.76538	107.2771673
0.76708	107.0573871
0.76878	106.9108669
0.77048	106.8864469
0.77218	106.4468864
0.77388	106.3492063
0.77558	106.3980464
0.77728	106.0561661
0.77898	105.9340659
0.78068	105.7875458
0.78238	105.6654457
0.78408	105.5677656
0.78578	105.4700855
0.78748	105.2991453
0.78918	105.2014652
0.79088	105.006105
0.79258	104.8595849
0.79428	104.6398046
0.79598	104.4688645
0.79768	104.5177045
0.79938	104.3711844
0.80108	104.1514042
0.80278	104.2246642
0.80448	104.004884
0.80618	103.8827839
0.80788	103.7362637
0.80958	103.6141636
0.81128	103.5409035
0.81298	103.3943834
0.81468	103.3699634
0.81638	103.2478632
0.81808	103.1257631
0.81978	103.003663
0.82148	102.9304029
0.82318	102.8571429
0.82488	102.6862027
0.82658	102.5885226
0.82828	102.5396825
0.82998	102.4420024
0.83168	102.3443223
0.83338	102.2954823
0.83508	102.2466422
0.83678	102.1245421
0.83848	102.0512821
0.84018	101.9291819
0.84188	101.953602
0.84358	101.8559219
0.84528	101.7826618
0.84698	101.7094017
0.84868	101.6117216
0.85038	101.4896215
0.85208	101.4652015
0.85378	101.4652015
0.85548	101.3675214
0.85718	101.2454212
0.85888	101.2210012
0.86058	101.1721612
0.86228	101.1965812
0.86398	101.001221
0.86568	100.3663004
0.86738	100.0732601
0.86908	100.1465201
0.87078	100
0.87248	100.0976801
0.87418	99.14529915
0.87588	98.998779
0.87758	99.14529915
0.87928	98.82783883
0.88098	98.46153846
0.88268	97.97313797
0.88438	97.75335775
0.88608	97.21611722
0.88778	97.31379731
0.88948	96.87423687
0.89118	96.94749695
0.89288	96.09279609
0.89458	95.75091575
0.89628	95.84859585
0.89798	95.36019536
0.89968	95.18925519
0.90138	94.94505495
0.90308	94.94505495
0.90478	94.7985348
0.90648	93.87057387
0.90818	93.99267399
0.90988	93.82173382
0.91158	93.21123321
0.91328	93.01587302
0.91498	92.55189255
0.91668	92.72283272
0.91838	92.64957265
0.92008	92.08791209
0.92178	92.03907204
0.92348	91.62393162
0.92518	91.25763126
0.92688	90.91575092
0.92858	90.67155067
0.93028	90.5006105
0.93198	89.81684982
0.93368	89.79242979
0.93538	89.62148962
0.93708	89.27960928
0.93878	89.13308913
0.94048	89.3040293
0.94218	88.93772894
0.94388	87.83882784
0.94558	88.18070818
0.94728	87.76556777
0.94898	87.22832723
0.95068	87.35042735
0.95238	87.4969475
0.95408	87.03296703
0.95578	86.71550672
0.95748	86.37362637
0.95918	86.25152625
0.96088	86.32478632
0.96258	85.51892552
0.96428	85.64102564
0.96598	84.85958486
0.96768	84.44444444
0.96938	84.68864469
0.97108	84.3956044
0.97278	83.95604396
0.97448	83.66300366
0.97618	83.95604396
0.97788	83.39438339
0.97958	83.02808303
0.98128	83.003663
0.98298	82.58852259
0.98468	82.36874237
0.98638	82.36874237
0.98808	81.53846154
0.98978	81.70940171
0.99148	81.05006105
0.99318	81.1965812
0.99488	80.73260073
0.99658	80.97680098
0.99828	80.56166056
0.99998	80.29304029
1.00168	79.92673993
1.00338	79.51159951
1.00508	79.75579976
1.00678	79.29181929
1.00848	78.26617827
1.01018	78.8034188
1.01188	78.21733822
1.01358	78.14407814
1.01528	77.94871795
1.01698	77.85103785
1.01868	77.94871795
1.02038	77.24053724
1.02208	77.21611722
1.02378	76.75213675
1.02548	76.84981685
1.02718	76.16605617
1.02888	76.16605617
1.03058	75.7020757
1.03228	75.36019536
1.03398	75.40903541
1.03568	75.14041514
1.03738	75.16483516
1.03908	74.43223443
1.04078	74.57875458
1.04248	74.13919414
1.04418	73.99267399
1.04588	73.26007326
1.04758	73.06471306
1.04928	73.01587302
1.05098	73.08913309
1.05268	72.86935287
1.05438	71.96581197
1.05608	72.45421245
1.05778	71.91697192
1.05948	71.84371184
1.06118	71.6971917
1.06288	71.33089133
1.06458	71.42857143
1.06628	70.81807082
1.06798	70.76923077
1.06968	70.37851038
1.07138	70.32967033
1.07308	69.81684982
1.07478	69.25518926
1.07648	69.42612943
1.07818	69.45054945
1.07988	69.20634921
1.08158	68.96214896
1.08328	68.5958486
1.08498	68.42490842
1.08668	67.81440781
1.08838	67.59462759
1.09008	67.61904762
1.09178	67.00854701
1.09348	67.05738706
1.09518	66.88644689
1.09688	67.08180708
1.09858	66.73992674
1.10028	66.34920635
1.10198	66.22710623
1.10368	65.98290598
1.10538	65.64102564
1.10708	65.12820513
1.10878	64.71306471
1.11048	64.56654457
1.11218	64.24908425
1.11388	64.73748474
1.11558	64.2002442
1.11728	63.93162393
1.11898	63.83394383
1.12068	63.36996337
1.12238	63.15018315
1.12408	63.07692308
1.12578	63.17460317
1.12748	62.44200244
1.12918	62.2954823
1.13088	62.1978022
1.13258	61.95360195
1.13428	61.29426129
1.13598	61.75824176
1.13768	61.70940171
1.13938	61.41636142
1.14108	60.56166056
1.14278	60.58608059
1.14448	60.65934066
1.14618	59.85347985
1.14788	59.78021978
1.14958	59.48717949
1.15128	59.21855922
1.15298	59.34065934
1.15468	58.94993895
1.15638	58.8034188
1.15808	58.77899878
1.15978	58.24175824
1.16148	58.0952381
1.16318	57.997558
1.16488	57.97313797
1.16658	57.24053724
1.16828	57.38705739
1.16998	57.72893773
1.17168	56.87423687
1.17338	56.50793651
1.17508	55.995116
1.17678	56.7032967
1.17848	56.23931624
1.18018	55.84859585
1.18188	55.7997558
1.18358	55.09157509
1.18528	55.04273504
1.18698	54.87179487
1.18868	54.48107448
1.19038	54.23687424
1.19208	53.94383394
1.19378	53.96825397
1.19548	53.89499389
1.19718	53.99267399
1.19888	53.84615385
1.20058	53.06471306
1.20228	52.6984127
1.20398	53.13797314
1.20568	52.64957265
1.20738	52.21001221
1.20908	51.86813187
1.21078	52.33211233
1.21248	51.55067155
1.21418	51.55067155
1.21588	51.55067155
1.21758	51.25763126
1.21928	50.64713065
1.22098	50.62271062
1.22268	50.52503053
1.22438	50.23199023
1.22608	49.89010989
1.22778	49.84126984
1.22948	49.76800977
1.23118	49.3040293
1.23288	49.18192918
1.23458	48.93772894
1.23628	49.10866911
1.23798	49.3040293
1.23968	48.66910867
1.24138	47.98534799
1.24308	47.86324786
1.24478	47.88766789
1.24648	47.37484737
1.24818	46.91086691
1.24988	47.10622711
1.25158	46.88644689
1.25328	46.71550672
1.25498	46.3980464
1.25668	46.4957265
1.25838	46.2026862
1.26008	46.2026862
1.26178	45.61660562
1.26348	45.49450549
1.26518	45.07936508
1.26688	45.1037851
1.26858	44.61538462
1.27028	44.71306471
1.27198	44.49328449
1.27368	44.51770452
1.27538	44.54212454
1.27708	44.24908425
1.27878	44.07814408
1.28048	43.56532357
1.28218	43.27228327
1.28388	43.22344322
1.28558	43.27228327
1.28728	42.75946276
1.28898	42.85714286
1.29068	42.49084249
1.29238	42.73504274
1.29408	42.22222222
1.29578	42.002442
1.29748	41.95360195
1.29918	41.66056166
1.30088	41.24542125
1.30258	41.48962149
1.30428	41.44078144
1.30598	41.001221
1.30768	40.31746032
1.30938	40.41514042
1.31108	40.29304029
1.31278	40.39072039
1.31448	39.60927961
1.31618	40.21978022
1.31788	39.68253968
1.31958	39.31623932
1.32128	39.58485958
1.32298	39.26739927
1.32468	39.0964591
1.32638	38.21733822
1.32808	38.33943834
1.32978	38.19291819
1.33148	38.51037851
1.33318	37.85103785
1.33488	37.60683761
1.33658	37.87545788
1.33828	37.63125763
1.33998	37.46031746
1.34168	37.21611722
1.34338	36.8986569
1.34508	36.8009768
1.34678	36.58119658
1.34848	36.28815629
1.35018	36.43467643
1.35188	36.63003663
1.35358	36.33699634
1.35528	35.995116
1.35698	35.7997558
1.35868	35.67765568
1.36038	35.38461538
1.36208	35.14041514
1.36378	34.92063492
1.36548	34.74969475
1.36718	34.72527473
1.36888	34.52991453
1.37058	34.45665446
1.37228	34.50549451
1.37398	33.94383394
1.37568	34.04151404
1.37738	33.96825397
1.37908	33.57753358
1.38078	33.6019536
1.38248	33.18681319
1.38418	32.96703297
1.38588	33.01587302
1.38758	32.64957265
1.38928	32.55189255
1.39098	32.03907204
1.39268	32.45421245
1.39438	31.99023199
1.39608	31.89255189
1.39778	32.03907204
1.39948	31.62393162
1.40118	31.42857143
1.40288	31.37973138
1.40458	31.33089133
1.40628	30.98901099
1.40798	31.11111111
1.40968	30.4029304
1.41138	30.76923077
1.41308	30.79365079
1.41478	30.52503053
1.41648	30.86691087
1.41818	30.35409035
1.41988	30.23199023
1.42158	29.86568987
1.42328	29.47496947
1.42498	29.91452991
1.42668	29.35286935
1.42838	29.52380952
1.43008	28.86446886
1.43178	29.32844933
1.43348	29.15750916
1.43518	28.93772894
1.43688	28.96214896
1.43858	28.66910867
1.44028	28.18070818
1.44198	28.22954823
1.44368	27.93650794
1.44538	28.13186813
1.44708	27.64346764
1.44878	27.69230769
1.45048	27.35042735
1.45218	27.52136752
1.45388	27.32600733
1.45558	27.37484737
1.45728	27.44810745
1.45898	27.3992674
1.46068	26.93528694
1.46238	27.15506716
1.46408	26.91086691
1.46578	26.4957265
1.46748	26.03174603
1.46918	26.05616606
1.47088	25.90964591
1.47258	26.05616606
1.47428	25.90964591
1.47598	26.08058608
1.47768	25.54334554
1.47938	25.88522589
1.48108	25.44566545
1.48278	25.32356532
1.48448	25.44566545
1.48618	25.1037851
1.48788	25.03052503
1.48958	24.88400488
1.49128	25.07936508
1.49298	24.71306471
1.49468	24.24908425
1.49638	24.73748474
1.49808	24.61538462
1.49978	24.51770452
1.50148	23.76068376
1.50318	24.15140415
1.50488	24.17582418
1.50658	23.68742369
1.50828	23.95604396
1.50998	23.76068376
1.51168	23.63858364
1.51338	23.54090354
1.51508	23.36996337
1.51678	23.51648352
1.51848	23.003663
1.52018	23.12576313
1.52188	22.78388278
1.52358	23.05250305
1.52528	23.003663
1.52698	22.75946276
1.52868	22.2954823
1.53038	22.53968254
1.53208	22.2954823
1.53378	22.46642247
1.53548	22.24664225
1.53718	21.78266178
1.53888	22.22222222
1.54058	22.14896215
1.54228	21.80708181
1.54398	21.9047619
1.54568	21.61172161
1.54738	21.78266178
1.54908	21.36752137
1.55078	21.48962149
1.55248	21.85592186
1.55418	21.36752137
1.55588	21.1965812
1.55758	21.05006105
1.55928	21.24542125
1.56098	21.001221
1.56268	20.73260073
1.56438	20.61050061
1.56608	20.68376068
1.56778	20.29304029
1.56948	20.48840049
1.57118	20.39072039
1.57288	20.29304029
1.57458	20.26862027
1.57628	20.24420024
1.57798	20.51282051
1.57968	20.53724054
1.58138	20.26862027
1.58308	20.07326007
1.58478	19.9023199
1.58648	19.78021978
1.58818	19.19413919
1.58988	19.68253968
1.59158	19.9023199
1.59328	19.87789988
1.59498	19.36507937
1.59668	19.41391941
1.59838	19.12087912
1.60008	19.14529915
1.60178	18.77899878
1.60348	18.92551893
1.60518	19.12087912
1.60688	19.24297924
1.60858	18.9010989
1.61028	19.14529915
1.61198	19.02319902
1.61368	18.82783883
1.61538	18.48595849
1.61708	18.73015873
1.61878	18.46153846
1.62048	18.46153846
1.62218	18.11965812
1.62388	17.82661783
1.62558	18.19291819
1.62728	18.21733822
1.62898	18.14407814
1.63068	18.21733822
1.63238	18.19291819
1.63408	17.94871795
1.63578	17.94871795
1.63748	17.75335775
1.63918	17.97313797
1.64088	17.85103785
1.64258	17.63125763
1.64428	17.65567766
1.64598	17.60683761
1.64768	17.48473748
1.64938	17.63125763
1.65108	17.58241758
1.65278	17.19169719
1.65448	17.46031746
1.65618	17.58241758
1.65788	17.53357753
1.65958	17.26495726
1.66128	17.04517705
1.66298	16.53235653
1.66468	16.58119658
1.66638	16.92307692
1.66808	17.16727717
1.66978	16.7032967
1.67148	16.97191697
1.67318	17.09401709
1.67488	16.63003663
1.67658	16.82539683
1.67828	16.67887668
1.67998	16.41025641
1.68168	16.09279609
1.68338	16.06837607
1.68508	16.41025641
1.68678	15.87301587
1.68848	16.09279609
1.69018	15.94627595
1.69188	16.50793651
1.69358	16.26373626
1.69528	16.19047619
1.69698	15.995116
1.69868	16.19047619
1.70038	16.23931624
1.70208	15.40903541
1.70378	15.995116
1.70548	15.57997558
1.70718	16.04395604
1.70888	15.87301587
1.71058	15.67765568
1.71228	15.7020757
1.71398	15.62881563
1.71568	15.45787546
1.71738	15.21367521
1.71908	15.38461538
1.72078	15.45787546
1.72248	15.31135531
1.72418	15.16483516
1.72588	15.50671551
1.72758	15.26251526
1.72928	14.77411477
1.73098	15.09157509
1.73268	15.31135531
1.73438	14.77411477
1.73608	14.92063492
1.73778	14.94505495
1.73948	15.18925519
1.74118	14.92063492
1.74288	14.74969475
1.74458	14.33455433
1.74628	14.74969475
1.74798	15.11599512
1.74968	14.72527473
1.75138	14.87179487
1.75308	15.16483516
1.75478	14.45665446
1.75648	14.55433455
1.75818	14.35897436
1.75988	14.6031746
1.76158	14.28571429
1.76328	14.23687424
1.76498	14.26129426
1.76668	14.48107448
1.76838	14.38339438
1.77008	14.16361416
1.77178	14.48107448
1.77348	14.21245421
1.77518	14.11477411
1.77688	13.94383394
1.77858	14.09035409
1.78028	13.62637363
1.78198	13.65079365
1.78368	13.7973138
1.78538	13.82173382
1.78708	13.7973138
1.78878	13.77289377
1.79048	13.57753358
1.79218	13.67521368
1.79388	13.84615385
1.79558	13.57753358
1.79728	13.6019536
1.79898	13.40659341
1.80068	13.77289377
1.80238	13.43101343
1.80408	13.45543346
1.80578	13.33333333
1.80748	13.89499389
1.80918	13.21123321
1.81088	13.33333333
1.81258	13.33333333
1.81428	13.55311355
1.81598	13.35775336
1.81768	13.01587302
1.81938	13.30891331
1.82108	13.06471306
1.82278	12.67399267
1.82448	13.08913309
1.82618	12.86935287
1.82788	13.04029304
1.82958	12.7960928
1.83128	13.16239316
1.83298	12.74725275
1.83468	12.91819292
1.83638	12.38095238
1.83808	13.13797314
1.83978	12.72283272
1.84148	12.35653236
1.84318	12.30769231
1.84488	12.5030525
1.84658	12.55189255
1.84828	12.72283272
1.84998	12.30769231
1.85168	12.62515263
1.85338	12.5030525
1.85508	12.35653236
1.85678	12.16117216
1.85848	12.25885226
1.86018	12.13675214
1.86188	12.16117216
1.86358	12.16117216
1.86528	11.6971917
1.86698	12.21001221
1.86868	12.08791209
1.87038	11.99023199
1.87208	12.21001221
1.87378	11.94139194
1.87548	11.77045177
1.87718	11.81929182
1.87888	11.64835165
1.88058	11.5995116
1.88228	11.30647131
1.88398	11.86813187
1.88568	11.62393162
1.88738	11.4041514
1.88908	11.64835165
1.89078	11.28205128
1.89248	11.37973138
1.89418	11.64835165
1.89588	11.62393162
1.89758	11.4041514
1.89928	11.20879121
1.90098	10.94017094
1.90268	10.96459096
1.90438	11.13553114
1.90608	11.4041514
1.90778	11.33089133
1.90948	10.57387057
1.91118	10.89133089
1.91288	11.23321123
1.91458	11.11111111
1.91628	10.5982906
1.91798	10.6959707
1.91968	10.81807082
1.92138	10.45177045
1.92308	10.76923077
1.92478	10.52503053
1.92648	10.45177045
1.92818	10.37851038
1.92988	10.45177045
1.93158	10.6959707
1.93328	10.30525031
1.93498	10.79365079
1.93668	10.52503053
1.93838	10.20757021
1.94008	10.30525031
1.94178	10.45177045
1.94348	10.57387057
1.94518	10.35409035
1.94688	10.47619048
1.94858	10.30525031
1.95028	10.13431013
1.95198	10.13431013
1.95368	10.10989011
1.95538	10.08547009
1.95708	9.865689866
1.95878	9.938949939
1.96048	10.32967033
1.96218	9.963369963
1.96388	10.18315018
1.96558	9.523809524
1.96728	9.816849817
1.96898	9.645909646
1.97068	9.450549451
1.97238	9.67032967
1.97408	9.401709402
1.97578	9.841269841
1.97748	9.230769231
1.97918	9.548229548
1.98088	9.523809524
1.98258	9.328449328
1.98428	9.181929182
1.98598	9.377289377
1.98768	9.27960928
1.98938	9.035409035
1.99108	9.255189255
1.99278	9.474969475
1.99448	9.05982906
1.99618	9.108669109
1.99788	8.791208791
1.99958	8.962148962
2.00128	8.913308913
2.00298	8.888888889
2.00468	8.766788767
2.00638	8.888888889
2.00808	9.05982906
2.00978	8.644688645
2.01148	9.133089133
2.01318	8.888888889
2.01488	8.669108669
2.01658	8.571428571
2.01828	8.547008547
2.01998	9.035409035
2.02168	8.351648352
2.02338	8.449328449
2.02508	8.302808303
2.02678	8.547008547
2.02848	8.351648352
2.03018	8.302808303
2.03188	8.522588523
2.03358	8.351648352
2.03528	7.936507937
2.03698	7.985347985
2.03868	7.692307692
2.04038	7.838827839
2.04208	7.78998779
2.04378	8.083028083
2.04548	7.936507937
2.04718	8.058608059
2.04888	8.4004884
2.05058	8.278388278
2.05228	7.985347985
2.05398	7.838827839
2.05568	7.985347985
2.05738	7.423687424
2.05908	7.887667888
2.06078	7.814407814
2.06248	7.863247863
2.06418	7.496947497
2.06588	7.277167277
2.06758	7.35042735
2.06928	7.741147741
2.07098	7.57020757
2.07268	7.619047619
2.07438	7.545787546
2.07608	7.399267399
2.07778	7.301587302
2.07948	7.008547009
2.08118	7.106227106
2.08288	7.228327228
2.08458	7.277167277
2.08628	7.081807082
2.08798	7.326007326
2.08968	7.008547009
2.09138	7.081807082
2.09308	7.106227106
2.09478	6.813186813
2.09648	6.813186813
2.09818	6.691086691
2.09988	6.837606838
2.10158	6.544566545
2.10328	6.715506716
2.10498	6.666666667
2.10668	6.715506716
2.10838	7.081807082
2.11008	7.081807082
2.11178	6.73992674
2.11348	6.544566545
2.11518	6.666666667
2.11688	6.227106227
2.11858	6.153846154
2.12028	6.691086691
2.12198	6.105006105
2.12368	6.324786325
2.12538	6.398046398
2.12708	6.178266178
2.12878	6.3003663
2.13048	6.178266178
2.13218	5.885225885
2.13388	6.227106227
2.13558	5.934065934
2.13728	5.738705739
2.13898	5.982905983
2.14068	5.90964591
2.14238	5.763125763
2.14408	5.787545788
2.14578	5.885225885
2.14748	5.90964591
2.14918	6.080586081
2.15088	5.885225885
2.15258	5.567765568
2.15428	5.787545788
2.15598	5.665445665
2.15768	5.494505495
2.15938	5.665445665
2.16108	5.054945055
2.16278	5.372405372
2.16448	5.567765568
2.16618	5.25030525
2.16788	5.982905983
2.16958	5.421245421
2.17128	5.421245421
2.17298	5.128205128
2.17468	5.592185592
2.17638	5.103785104
2.17808	5.177045177
2.17978	5.543345543
2.18148	5.274725275
2.18318	5.372405372
2.18488	4.737484737
2.18658	5.128205128
2.18828	4.932844933
2.18998	4.85958486
2.19168	4.981684982
2.19338	5.177045177
2.19508	5.152625153
2.19678	4.810744811
2.19848	4.737484737
2.20018	4.908424908
2.20188	4.981684982
2.20358	4.322344322
2.20528	4.517704518
2.20698	5.103785104
2.20868	4.761904762
2.21038	4.664224664
2.21208	4.981684982
2.21378	4.63980464
2.21548	5.006105006
2.21718	4.444444444
2.21888	4.85958486
2.22058	4.249084249
2.22228	4.371184371
2.22398	4.004884005
2.22568	4.322344322
2.22738	4.566544567
2.22908	4.029304029
2.23078	4.468864469
2.23248	4.542124542
2.23418	4.346764347
2.23588	3.98046398
2.23758	4.175824176
2.23928	4.126984127
2.24098	4.371184371
2.24268	4.053724054
2.24438	3.882783883
2.24608	3.98046398
2.24778	4.029304029
2.24948	3.58974359
2.25118	4.078144078
2.25288	4.029304029
2.25458	3.98046398
2.25628	3.614163614
2.25798	3.418803419
2.25968	3.711843712
2.26138	3.931623932
2.26308	3.882783883
2.26478	3.80952381
2.26648	4.029304029
2.26818	4.078144078
2.26988	3.882783883
2.27158	3.833943834
2.27328	3.638583639
2.27498	3.80952381
2.27668	3.516483516
2.27838	3.443223443
2.28008	3.418803419
2.28178	3.36996337
2.28348	3.272283272
2.28518	3.540903541
2.28688	3.687423687
2.28858	3.296703297
2.29028	3.36996337
2.29198	3.833943834
2.29368	3.321123321
2.29538	3.614163614
2.29708	2.954822955
2.29878	3.125763126
2.30048	3.125763126
2.30218	3.076923077
2.30388	3.174603175
2.30558	3.321123321
2.30728	2.881562882
2.30898	2.710622711
2.31068	3.028083028
2.31238	2.93040293
2.31408	3.101343101
2.31578	2.661782662
2.31748	3.101343101
2.31918	2.783882784
2.32088	2.954822955
2.32258	2.759462759
2.32428	2.612942613
2.32598	3.443223443
2.32768	3.028083028
2.32938	3.223443223
2.33108	3.003663004
2.33278	2.979242979
2.33448	2.808302808
2.33618	3.003663004
2.33788	2.515262515
2.33958	3.003663004
2.34128	2.637362637
2.34298	2.710622711
2.34468	2.564102564
2.34638	2.857142857
2.34808	2.954822955
2.34978	3.076923077
2.35148	2.759462759
2.35318	2.637362637
2.35488	2.417582418
2.35658	2.612942613
2.35828	2.31990232
2.35998	2.637362637
2.36168	2.075702076
2.36338	2.026862027
2.36508	2.368742369
2.36678	2.466422466
2.36848	2.686202686
2.37018	2.53968254
2.37188	2.515262515
2.37358	1.953601954
2.37528	2.173382173
2.37698	2.051282051
2.37868	2.173382173
2.38038	2.026862027
2.38208	2.002442002
2.38378	1.88034188
2.38548	2.075702076
2.38718	2.271062271
2.38888	1.709401709
2.39058	2.1001221
2.39228	1.782661783
2.39398	1.831501832
2.39568	2.1001221
2.39738	1.733821734
2.39908	2.051282051
2.40078	1.758241758
2.40248	1.782661783
2.40418	1.684981685
2.40588	1.709401709
2.40758	1.88034188
2.40928	1.855921856
2.41098	1.904761905
2.41268	2.051282051
2.41438	1.88034188
2.41608	1.26984127
2.41778	1.465201465
2.41948	1.733821734
2.42118	1.684981685
2.42288	1.953601954
2.42458	1.440781441
2.42628	1.929181929
2.42798	1.660561661
2.42968	1.684981685
2.43138	1.318681319
2.43308	1.611721612
2.43478	1.147741148
2.43648	1.098901099
2.43818	1.318681319
2.43988	1.514041514
2.44158	1.440781441
2.44328	1.221001221
2.44498	1.440781441
2.44668	1.465201465
2.44838	1.26984127
2.45008	1.172161172
2.45178	0.8547008547
2.45348	1.465201465
2.45518	1.367521368
2.45688	0.7814407814
2.45858	1.098901099
2.46028	0.9523809524
2.46198	1.025641026
2.46368	1.05006105
2.46538	1.025641026
2.46708	1.05006105
2.46878	0.7326007326
2.47048	1.05006105
2.47218	0.8058608059
2.47388	0.7326007326
2.47558	0.927960928
2.47728	1.172161172
2.47898	0.8302808303
2.48068	0.8547008547
2.48238	0.8058608059
2.48408	0.6105006105
2.48578	0.9035409035
2.48748	0.9768009768
2.48918	1.025641026
2.49088	0.6593406593
2.49258	0.4884004884
2.49428	0.757020757
2.49598	0.3663003663
2.49768	0.463980464
2.49938	0.6105006105
2.50108	0.5128205128
2.50278	1.001221001
2.50448	0.4151404151
2.50618	0.8302808303
2.50788	0.293040293
2.50958	0.8058608059
2.51128	0.293040293
2.51298	0.5616605617
2.51468	0.5372405372
2.51638	0.02442002442
2.51808	0.3907203907
2.51978	0.4151404151
2.52148	0.3418803419
2.52318	0.1465201465
2.52488	0.07326007326
2.52658	0.4884004884
2.52828	0.5860805861
2.52998	0.5128205128
2.53168	0.1709401709
2.53338	0.1953601954
2.53508	0.2686202686
2.53678	0.09768009768
2.53848	0.463980464
2.54018	0.3907203907
2.54188	0.3418803419
2.54358	0.2686202686
2.54528	0.09768009768
2.54698	0.2442002442
2.54868	0.3418803419
2.55038	0.2442002442
2.55208	0.2442002442
2.55378	0.293040293
2.55548	0.09768009768
2.55718	0.3174603175
2.55888	0.07326007326
2.56058	0.6349206349
2.56228	0.463980464
2.56398	0.5860805861
2.56568	0.1709401709
2.56738	0.3418803419
2.56908	0.3907203907
2.57078	0.5616605617
2.57248	0.9035409035
2.57418	0.4884004884
2.57588	0.757020757
2.57758	0.9035409035
2.57928	0.8302808303
2.58098	0.5372405372
2.58268	0.6349206349
2.58438	0.7081807082
2.58608	0.2686202686
2.58778	0.5372405372
2.58948	0.5372405372
2.59118	0.3174603175
2.59288	0.7814407814
2.59458	0.6837606838
2.59628	1.025641026
2.59798	0.5616605617
2.59968	1.147741148
2.60138	0.9523809524
2.60308	0.5616605617
2.60478	0.8791208791
2.60648	0.5616605617
2.60818	0.6349206349
2.60988	0.9523809524
2.61158	0.9768009768
2.61328	0.6837606838
2.61498	1.147741148
2.61668	1.147741148
2.61838	1.098901099
2.62008	1.05006105
2.62178	0.8791208791
2.62348	1.123321123
2.62518	0.927960928
2.62688	0.9523809524
2.62858	1.001221001
2.63028	0.8058608059
2.63198	1.172161172
2.63368	1.245421245
2.63538	0.7326007326
2.63708	1.440781441
2.63878	1.26984127
2.64048	1.343101343
2.64218	1.147741148
2.64388	1.05006105
2.64558	1.465201465
2.64728	0.8547008547
2.64898	1.391941392
2.65068	1.587301587
2.65238	1.758241758
2.65408	1.318681319
2.65578	1.758241758
2.65748	1.465201465
2.65918	1.660561661
2.66088	1.782661783
2.66258	1.538461538
2.66428	1.611721612
2.66598	1.48962149
2.66768	1.294261294
2.66938	1.562881563
2.67108	1.48962149
2.67278	2.002442002
2.67448	1.88034188
2.67618	2.026862027
2.67788	1.684981685
2.67958	1.660561661
2.68128	1.831501832
2.68298	1.929181929
2.68468	2.002442002
2.68638	1.514041514
2.68808	1.953601954
2.68978	1.465201465
2.69148	1.831501832
2.69318	1.831501832
2.69488	1.636141636
2.69658	1.88034188
2.69828	1.660561661
2.69998	2.051282051
2.70168	1.782661783
2.70338	2.075702076
2.70508	1.929181929
2.70678	2.1001221
2.70848	2.051282051
2.71018	1.88034188
2.71188	1.855921856
2.71358	1.709401709
2.71528	2.075702076
2.71698	2.393162393
2.71868	2.1001221
2.72038	2.368742369
2.72208	1.855921856
2.72378	1.953601954
2.72548	2.075702076
2.72718	2.173382173
2.72888	2.1001221
2.73058	2.368742369
2.73228	2.442002442
2.73398	2.31990232
2.73568	2.564102564
2.73738	2.026862027
2.73908	2.31990232
2.74078	2.295482295
2.74248	1.88034188
2.74418	2.222222222
2.74588	2.246642247
2.74758	2.417582418
2.74928	2.148962149
2.75098	2.368742369
2.75268	2.417582418
2.75438	2.53968254
2.75608	2.661782662
2.75778	2.612942613
2.75948	2.783882784
2.76118	2.686202686
2.76288	2.344322344
2.76458	2.710622711
2.76628	2.344322344
2.76798	2.808302808
2.76968	2.637362637
2.77138	2.735042735
2.77308	2.905982906
2.77478	2.490842491
2.77648	2.637362637
2.77818	3.247863248
2.77988	2.735042735
2.78158	2.271062271
2.78328	2.53968254
2.78498	2.857142857
2.78668	2.637362637
2.78838	2.857142857
2.79008	2.857142857
2.79178	3.321123321
2.79348	2.808302808
2.79518	3.003663004
2.79688	3.15018315
2.79858	3.052503053
2.80028	3.101343101
2.80198	2.979242979
2.80368	3.028083028
2.80538	2.881562882
2.80708	3.101343101
2.80878	2.905982906
2.81048	2.808302808
2.81218	3.394383394
2.81388	3.199023199
2.81558	3.199023199
2.81728	2.93040293
2.81898	3.36996337
2.82068	3.394383394
2.82238	2.954822955
2.82408	2.857142857
2.82578	3.223443223
2.82748	3.003663004
2.82918	2.588522589
2.83088	3.467643468
2.83258	3.492063492
2.83428	3.003663004
2.83598	3.711843712
2.83768	3.492063492
2.83938	3.296703297
2.84108	3.15018315
2.84278	3.272283272
2.84448	3.321123321
2.84618	3.540903541
2.84788	3.272283272
2.84958	3.516483516
2.85128	3.614163614
2.85298	3.443223443
2.85468	3.296703297
2.85638	3.516483516
2.85808	3.614163614
2.85978	3.443223443
2.86148	3.247863248
2.86318	3.418803419
2.86488	3.614163614
2.86658	3.931623932
2.86828	3.394383394
2.86998	3.540903541
2.87168	3.80952381
2.87338	3.540903541
2.87508	3.80952381
2.87678	3.931623932
2.87848	3.614163614
2.88018	3.858363858
2.88188	3.394383394
2.88358	3.272283272
2.88528	3.443223443
2.88698	3.418803419
2.88868	3.614163614
2.89038	3.663003663
2.89208	3.882783883
2.89378	3.858363858
2.89548	3.931623932
2.89718	3.687423687
2.89888	3.663003663
2.90058	3.394383394
2.90228	3.638583639
2.90398	3.614163614
2.90568	3.956043956
2.90738	3.858363858
2.90908	3.516483516
2.91078	3.833943834
2.91248	4.078144078
2.91418	4.053724054
2.91588	3.80952381
2.91758	3.858363858
2.91928	4.126984127
2.92098	3.58974359
2.92268	3.418803419
2.92438	3.785103785
2.92608	3.833943834
2.92778	4.126984127
2.92948	3.98046398
2.93118	4.2002442
2.93288	4.078144078
2.93458	3.956043956
2.93628	3.931623932
2.93798	3.687423687
2.93968	3.98046398
2.94138	3.833943834
2.94308	3.882783883
2.94478	3.858363858
2.94648	4.273504274
2.94818	4.2002442
2.94988	3.614163614
2.95158	4.297924298
2.95328	3.907203907
2.95498	4.224664225
2.95668	4.175824176
2.95838	4.126984127
2.96008	3.907203907
2.96178	3.492063492
2.96348	3.98046398
2.96518	4.126984127
2.96688	4.175824176
2.96858	3.931623932
2.97028	3.614163614
2.97198	4.688644689
2.97368	4.078144078
2.97538	4.249084249
2.97708	3.98046398
2.97878	4.395604396
2.98048	3.760683761
2.98218	3.858363858
2.98388	4.175824176
2.98558	3.711843712
2.98728	4.395604396
2.98898	3.858363858
2.99068	4.249084249
2.99238	4.224664225
2.99408	4.175824176
2.99578	4.322344322
2.99748	4.249084249
2.99918	4.346764347
3.00088	3.687423687
3.00258	3.711843712
3.00428	4.371184371
3.00598	4.126984127
3.00768	4.249084249
3.00938	3.858363858
3.01108	4.273504274
3.01278	4.688644689
3.01448	4.2002442
3.01618	4.249084249
3.01788	4.151404151
3.01958	3.956043956
3.02128	4.102564103
3.02298	3.931623932
3.02468	4.078144078
3.02638	4.322344322
3.02808	4.42002442
3.02978	4.371184371
3.03148	4.126984127
3.03318	4.346764347
3.03488	4.224664225
3.03658	4.224664225
3.03828	4.126984127
3.03998	4.2002442
3.04168	4.004884005
3.04338	4.493284493
3.04508	4.713064713
3.04678	4.615384615
3.04848	4.468864469
3.05018	4.224664225
3.05188	4.566544567
3.05358	4.517704518
3.05528	4.517704518
3.05698	4.2002442
3.05868	4.151404151
3.06038	4.395604396
3.06208	4.468864469
3.06378	4.395604396
3.06548	4.224664225
3.06718	4.517704518
3.06888	4.2002442
3.07058	4.395604396
3.07228	4.346764347
3.07398	4.713064713
3.07568	4.444444444
3.07738	4.371184371
3.07908	4.542124542
3.08078	4.102564103
3.08248	4.371184371
3.08418	4.078144078
3.08588	4.2002442
3.08758	4.517704518
3.08928	4.029304029
3.09098	4.468864469
3.09268	4.590964591
3.09438	4.566544567
3.09608	4.395604396
3.09778	4.444444444
3.09948	4.42002442
3.10118	4.346764347
3.10288	4.249084249
3.10458	4.273504274
3.10628	4.688644689
3.10798	4.493284493
3.10968	4.273504274
3.11138	4.737484737
3.11308	4.63980464
3.11478	4.542124542
3.11648	4.542124542
3.11818	4.615384615
3.11988	4.371184371
3.12158	4.2002442
3.12328	4.371184371
3.12498	4.102564103
3.12668	4.029304029
3.12838	4.2002442
3.13008	4.322344322
3.13178	4.713064713
3.13348	4.786324786
3.13518	4.444444444
3.13688	4.468864469
3.13858	4.273504274
3.14028	4.664224664
3.14198	4.786324786
3.14368	3.907203907
3.14538	4.078144078
3.14708	4.371184371
3.14878	4.273504274
3.15048	4.517704518
3.15218	4.566544567
3.15388	4.664224664
3.15558	4.42002442
3.15728	4.615384615
3.15898	4.517704518
3.16068	4.224664225
3.16238	3.956043956
3.16408	4.297924298
3.16578	4.346764347
3.16748	4.102564103
3.16918	4.615384615
3.17088	4.322344322
3.17258	4.713064713
3.17428	4.664224664
3.17598	4.346764347
3.17768	4.297924298
3.17938	4.444444444
3.18108	4.249084249
3.18278	4.029304029
3.18448	4.151404151
3.18618	4.542124542
3.18788	4.468864469
3.18958	4.224664225
3.19128	4.590964591
3.19298	5.054945055
3.19468	4.688644689
3.19638	4.249084249
3.19808	4.053724054
3.19978	4.566544567
3.20148	4.273504274
3.20318	4.249084249
3.20488	4.297924298
3.20658	4.468864469
3.20828	4.249084249
3.20998	4.078144078
3.21168	4.664224664
3.21338	4.664224664
3.21508	4.444444444
3.21678	4.297924298
3.21848	4.078144078
3.22018	4.493284493
3.22188	4.053724054
3.22358	4.175824176
3.22528	3.956043956
3.22698	4.664224664
3.22868	4.542124542
3.23038	4.297924298
3.23208	4.810744811
3.23378	4.761904762
3.23548	4.42002442
3.23718	4.346764347
3.23888	4.42002442
3.24058	4.273504274
3.24228	4.126984127
3.24398	4.468864469
3.24568	4.42002442
3.24738	4.493284493
3.24908	4.297924298
3.25078	4.322344322
3.25248	4.517704518
3.25418	4.175824176
3.25588	4.249084249
3.25758	4.395604396
3.25928	4.688644689
3.26098	4.151404151
3.26268	4.297924298
3.26438	4.322344322
3.26608	4.322344322
3.26778	4.493284493
3.26948	4.224664225
3.27118	4.737484737
3.27288	4.566544567
3.27458	4.175824176
3.27628	4.273504274
3.27798	4.371184371
3.27968	4.273504274
3.28138	3.785103785
3.28308	3.98046398
3.28478	4.517704518
3.28648	4.224664225
3.28818	4.346764347
3.28988	4.249084249
3.29158	4.224664225
3.29328	4.444444444
3.29498	4.346764347
3.29668	4.126984127
3.29838	4.444444444
3.30008	4.371184371
3.30178	3.98046398
3.30348	4.078144078
3.30518	4.102564103
3.30688	4.029304029
3.30858	4.029304029
3.31028	4.151404151
3.31198	4.297924298
3.31368	3.58974359
3.31538	4.371184371
3.31708	4.2002442
3.31878	4.078144078
3.32048	3.956043956
3.32218	4.004884005
3.32388	4.029304029
3.32558	4.053724054
3.32728	4.322344322
3.32898	4.2002442
3.33068	4.322344322
3.33238	4.151404151
3.33408	4.029304029
3.33578	3.956043956
3.33748	3.760683761
3.33918	4.322344322
3.34088	4.395604396
3.34258	3.785103785
3.34428	3.687423687
3.34598	4.004884005
3.34768	4.249084249
3.34938	3.833943834
3.35108	3.882783883
3.35278	4.053724054
3.35448	4.249084249
3.35618	4.322344322
3.35788	4.004884005
3.35958	4.029304029
3.36128	4.2002442
3.36298	4.029304029
3.36468	3.956043956
3.36638	4.078144078
3.36808	4.273504274
3.36978	4.126984127
3.37148	4.273504274
3.37318	4.078144078
3.37488	4.004884005
3.37658	4.004884005
3.37828	3.931623932
3.37998	4.249084249
3.38168	3.687423687
3.38338	3.931623932
3.38508	3.956043956
3.38678	4.297924298
3.38848	3.931623932
3.39018	3.760683761
3.39188	4.2002442
3.39358	4.371184371
3.39528	4.249084249
3.39698	4.053724054
3.39868	4.249084249
3.40038	4.004884005
3.40208	3.760683761
3.40378	3.58974359
3.40548	3.760683761
3.40718	4.371184371
3.40888	4.126984127
3.41058	3.833943834
3.41228	3.931623932
3.41398	3.760683761
3.41568	3.711843712
3.41738	3.540903541
3.41908	4.078144078
3.42078	3.98046398
3.42248	3.956043956
3.42418	3.614163614
3.42588	4.2002442
3.42758	4.029304029
3.42928	3.760683761
3.43098	3.858363858
3.43268	3.882783883
3.43438	3.736263736
3.43608	3.956043956
3.43778	4.126984127
3.43948	3.711843712
3.44118	3.638583639
3.44288	3.516483516
3.44458	3.760683761
3.44628	4.151404151
3.44798	4.078144078
3.44968	3.785103785
3.45138	4.249084249
3.45308	4.371184371
3.45478	4.078144078
3.45648	3.736263736
3.45818	3.614163614
3.45988	4.102564103
3.46158	3.663003663
3.46328	3.907203907
3.46498	3.663003663
3.46668	3.931623932
3.46838	4.053724054
3.47008	3.58974359
3.47178	4.297924298
3.47348	3.760683761
3.47518	3.80952381
3.47688	3.736263736
3.47858	3.736263736
3.48028	4.078144078
3.48198	4.224664225
3.48368	3.711843712
3.48538	3.614163614
3.48708	4.053724054
3.48878	3.785103785
3.49048	4.224664225
3.49218	3.858363858
3.49388	3.540903541
3.49558	3.614163614
3.49728	3.540903541
3.49898	3.687423687
3.50068	3.907203907
3.50238	3.663003663
3.50408	3.36996337
3.50578	3.736263736
3.50748	4.004884005
3.50918	3.785103785
3.51088	4.078144078
3.51258	4.102564103
3.51428	4.151404151
3.51598	3.80952381
3.51768	3.540903541
3.51938	3.418803419
3.52108	3.492063492
3.52278	4.004884005
3.52448	3.80952381
3.52618	3.614163614
3.52788	3.931623932
3.52958	3.80952381
3.53128	3.956043956
3.53298	3.907203907
3.53468	4.102564103
3.53638	3.736263736
3.53808	3.516483516
3.53978	3.882783883
3.54148	3.687423687
3.54318	3.833943834
3.54488	3.443223443
3.54658	4.151404151
3.54828	3.907203907
3.54998	3.467643468
3.55168	3.785103785
3.55338	4.224664225
3.55508	3.711843712
3.55678	3.98046398
3.55848	3.687423687
3.56018	3.858363858
3.56188	3.736263736
3.56358	3.614163614
3.56528	3.199023199
3.56698	4.053724054
3.56868	3.736263736
3.57038	3.80952381
3.57208	3.882783883
3.57378	4.029304029
3.57548	4.004884005
3.57718	3.394383394
3.57888	3.540903541
3.58058	3.36996337
3.58228	3.663003663
3.58398	3.296703297
3.58568	3.418803419
3.58738	3.98046398
3.58908	3.467643468
3.59078	3.663003663
3.59248	3.467643468
3.59418	3.638583639
3.59588	3.492063492
3.59758	3.614163614
3.59928	3.736263736
3.60098	3.223443223
3.60268	3.492063492
3.60438	3.467643468
3.60608	3.638583639
3.60778	3.907203907
3.60948	3.540903541
3.61118	3.516483516
3.61288	4.004884005
3.61458	3.467643468
3.61628	3.199023199
3.61798	3.321123321
3.61968	3.443223443
3.62138	3.638583639
3.62308	3.80952381
3.62478	3.296703297
3.62648	3.687423687
3.62818	3.907203907
3.62988	3.467643468
3.63158	3.540903541
3.63328	3.467643468
3.63498	3.956043956
3.63668	3.467643468
3.63838	3.394383394
3.64008	3.565323565
3.64178	3.687423687
3.64348	3.711843712
3.64518	3.321123321
3.64688	3.638583639
3.64858	3.687423687
3.65028	3.223443223
3.65198	3.272283272
3.65368	3.540903541
3.65538	3.36996337
3.65708	3.296703297
3.65878	3.467643468
3.66048	3.565323565
3.66218	3.614163614
3.66388	3.760683761
3.66558	3.174603175
3.66728	3.540903541
3.66898	3.321123321
3.67068	3.638583639
3.67238	3.394383394
3.67408	3.638583639
3.67578	3.492063492
3.67748	3.345543346
3.67918	3.321123321
3.68088	3.36996337
3.68258	3.492063492
3.68428	3.174603175
3.68598	3.345543346
3.68768	3.614163614
3.68938	3.58974359
3.69108	3.443223443
3.69278	3.223443223
3.69448	3.516483516
3.69618	3.199023199
3.69788	3.076923077
3.69958	3.58974359
3.70128	3.174603175
3.70298	3.247863248
3.70468	3.199023199
3.70638	3.663003663
3.70808	3.467643468
3.70978	3.296703297
3.71148	2.979242979
3.71318	2.979242979
3.71488	3.58974359
3.71658	3.125763126
3.71828	3.443223443
3.71998	3.076923077
3.72168	3.394383394
3.72338	3.467643468
3.72508	3.296703297
3.72678	3.638583639
3.72848	3.125763126
3.73018	3.321123321
3.73188	3.076923077
3.73358	3.247863248
3.73528	3.272283272
3.73698	2.832722833
3.73868	3.125763126
3.74038	3.199023199
3.74208	3.247863248
3.74378	3.052503053
3.74548	3.272283272
3.74718	3.540903541
3.74888	3.467643468
3.75058	3.540903541
3.75228	3.418803419
3.75398	3.272283272
3.75568	3.247863248
3.75738	2.808302808
3.75908	3.296703297
3.76078	3.076923077
3.76248	3.321123321
3.76418	3.174603175
3.76588	2.979242979
3.76758	3.101343101
3.76928	2.905982906
3.77098	3.076923077
3.77268	2.93040293
3.77438	3.516483516
3.77608	2.490842491
3.77778	2.490842491
3.77948	3.272283272
3.78118	3.223443223
3.78288	3.199023199
3.78458	3.174603175
3.78628	3.101343101
3.78798	3.321123321
3.78968	2.881562882
3.79138	3.174603175
3.79308	3.418803419
3.79478	3.394383394
3.79648	3.028083028
3.79818	3.076923077
3.79988	3.028083028
3.80158	3.101343101
3.80328	2.881562882
3.80498	2.954822955
3.80668	3.076923077
3.80838	2.832722833
3.81008	3.15018315
3.81178	2.612942613
3.81348	3.076923077
3.81518	3.125763126
3.81688	2.905982906
3.81858	2.979242979
3.82028	2.808302808
3.82198	3.052503053
3.82368	3.028083028
3.82538	3.223443223
3.82708	3.15018315
3.82878	3.15018315
3.83048	3.076923077
3.83218	3.028083028
3.83388	2.93040293
3.83558	2.905982906
3.83728	3.223443223
3.83898	2.905982906
3.84068	2.857142857
3.84238	2.954822955
3.84408	3.15018315
3.84578	3.052503053
3.84748	3.223443223
3.84918	2.832722833
3.85088	2.783882784
3.85258	3.028083028
3.85428	3.125763126
3.85598	3.003663004
3.85768	2.857142857
3.85938	2.93040293
3.86108	2.881562882
3.86278	2.857142857
3.86448	2.979242979
3.86618	2.905982906
3.86788	2.905982906
3.86958	3.052503053
3.87128	2.93040293
3.87298	2.442002442
3.87468	2.808302808
3.87638	3.076923077
3.87808	2.857142857
3.87978	2.686202686
3.88148	2.759462759
3.88318	2.857142857
3.88488	2.686202686
3.88658	2.808302808
3.88828	2.832722833
3.88998	2.759462759
3.89168	2.612942613
3.89338	2.905982906
3.89508	2.832722833
3.89678	2.295482295
3.89848	2.588522589
3.90018	2.466422466
3.90188	2.686202686
3.90358	2.661782662
3.90528	2.417582418
3.90698	3.199023199
3.90868	2.759462759
3.91038	2.466422466
3.91208	2.686202686
3.91378	2.832722833
3.91548	2.31990232
3.91718	2.53968254
3.91888	2.783882784
3.92058	2.490842491
3.92228	2.735042735
3.92398	2.857142857
3.92568	3.076923077
3.92738	2.735042735
3.92908	2.466422466
3.93078	2.515262515
3.93248	2.564102564
3.93418	2.295482295
3.93588	2.466422466
3.93758	2.051282051
3.93928	2.417582418
3.94098	2.490842491
3.94268	2.564102564
3.94438	2.026862027
3.94608	2.759462759
3.94778	2.344322344
3.94948	2.612942613
3.95118	2.271062271
3.95288	2.442002442
3.95458	2.759462759
3.95628	2.612942613
3.95798	2.197802198
3.95968	2.466422466
3.96138	2.466422466
3.96308	2.588522589
3.96478	2.271062271
3.96648	2.490842491
3.96818	2.661782662
3.96988	2.31990232
3.97158	2.515262515
3.97328	1.978021978
3.97498	2.197802198
3.97668	2.026862027
3.97838	1.904761905
3.98008	2.075702076
3.98178	2.295482295
3.98348	2.271062271
3.98518	2.222222222
3.98688	2.295482295
3.98858	2.173382173
3.99028	2.246642247
3.99198	2.393162393
3.99368	2.393162393
3.99538	2.31990232
3.99708	2.515262515
3.99878	2.197802198
4.00048	2.393162393
4.00218	2.148962149
4.00388	2.173382173
4.00558	2.295482295
4.00728	2.173382173
4.00898	2.295482295
4.01068	2.124542125
4.01238	2.1001221
4.01408	2.173382173
4.01578	2.124542125
4.01748	1.929181929
4.01918	2.1001221
4.02088	2.075702076
4.02258	2.344322344
4.02428	2.075702076
4.02598	2.368742369
4.02768	2.344322344
4.02938	2.1001221
4.03108	2.197802198
4.03278	2.075702076
4.03448	1.782661783
4.03618	1.758241758
4.03788	1.782661783
4.03958	1.758241758
4.04128	1.88034188
4.04298	2.368742369
4.04468	1.953601954
4.04638	2.002442002
4.04808	2.124542125
4.04978	2.026862027
4.05148	1.709401709
4.05318	1.953601954
4.05488	1.660561661
4.05658	1.855921856
4.05828	1.953601954
4.05998	2.002442002
4.06168	1.782661783
4.06338	1.978021978
4.06508	1.904761905
4.06678	2.271062271
4.06848	2.490842491
4.07018	2.197802198
4.07188	1.391941392
4.07358	1.953601954
4.07528	1.953601954
4.07698	1.660561661
4.07868	1.587301587
4.08038	2.051282051
4.08208	1.904761905
4.08378	2.002442002
4.08548	1.88034188
4.08718	2.051282051
4.08888	2.271062271
4.09058	2.075702076
4.09228	1.782661783
4.09398	2.075702076
4.09568	1.88034188
4.09738	2.173382173
4.09908	1.684981685
4.10078	1.709401709
4.10248	2.124542125
4.10418	1.733821734
4.10588	1.587301587
4.10758	1.733821734
4.10928	1.782661783
4.11098	1.709401709
4.11268	1.684981685
4.11438	1.636141636
4.11608	1.538461538
4.11778	1.684981685
4.11948	1.636141636
4.12118	1.807081807
4.12288	1.953601954
4.12458	1.782661783
4.12628	1.709401709
4.12798	1.758241758
4.12968	1.953601954
4.13138	1.636141636
4.13308	1.318681319
4.13478	1.953601954
4.13648	1.807081807
4.13818	1.684981685
4.13988	1.48962149
4.14158	1.538461538
4.14328	1.807081807
4.14498	1.26984127
4.14668	1.611721612
4.14838	1.587301587
4.15008	2.002442002
4.15178	1.709401709
4.15348	1.391941392
4.15518	1.465201465
4.15688	1.611721612
4.15858	1.660561661
4.16028	1.48962149
4.16198	1.48962149
4.16368	1.48962149
4.16538	2.075702076
4.16708	1.758241758
4.16878	1.807081807
4.17048	1.855921856
4.17218	1.098901099
4.17388	1.391941392
4.17558	1.001221001
4.17728	1.514041514
4.17898	1.391941392
4.18068	1.391941392
4.18238	1.636141636
4.18408	1.440781441
4.18578	1.391941392
4.18748	1.636141636
4.18918	1.48962149
4.19088	1.587301587
4.19258	1.48962149
4.19428	1.123321123
4.19598	1.636141636
4.19768	1.367521368
4.19938	1.074481074
4.20108	1.465201465
4.20278	1.538461538
4.20448	1.636141636
4.20618	1.465201465
4.20788	1.48962149
4.20958	1.318681319
4.21128	1.074481074
4.21298	1.074481074
4.21468	1.48962149
4.21638	1.416361416
4.21808	1.196581197
4.21978	1.245421245
4.22148	1.611721612
4.22318	1.367521368
4.22488	1.416361416
4.22658	1.098901099
4.22828	1.465201465
4.22998	1.782661783
4.23168	0.757020757
4.23338	0.9523809524
4.23508	1.26984127
4.23678	1.318681319
4.23848	1.391941392
4.24018	1.367521368
4.24188	1.294261294
4.24358	1.391941392
4.24528	1.26984127
4.24698	1.221001221
4.24868	1.416361416
4.25038	1.465201465
4.25208	1.147741148
4.25378	0.9035409035
4.25548	1.196581197
4.25718	1.440781441
4.25888	1.147741148
4.26058	1.367521368
4.26228	1.733821734
4.26398	1.123321123
4.26568	1.318681319
4.26738	0.927960928
4.26908	1.147741148
4.27078	1.318681319
4.27248	0.7814407814
4.27418	1.245421245
4.27588	1.123321123
4.27758	1.123321123
4.27928	0.9768009768
4.28098	1.465201465
4.28268	1.709401709
4.28438	0.9523809524
4.28608	0.7814407814
4.28778	0.927960928
4.28948	1.416361416
4.29118	1.245421245
4.29288	1.001221001
4.29458	1.123321123
4.29628	1.001221001
4.29798	1.074481074
4.29968	0.927960928
4.30138	1.294261294
4.30308	1.465201465
4.30478	1.440781441
4.30648	1.196581197
4.30818	0.927960928
4.30988	0.8791208791
4.31158	1.123321123
4.31328	0.927960928
4.31498	1.074481074
4.31668	1.05006105
4.31838	1.26984127
4.32008	1.05006105
4.32178	1.05006105
4.32348	1.245421245
4.32518	1.367521368
4.32688	1.123321123
4.32858	1.245421245
4.33028	1.123321123
4.33198	1.05006105
4.33368	0.6349206349
4.33538	0.7081807082
4.33708	1.221001221
4.33878	1.05006105
4.34048	1.123321123
4.34218	1.391941392
4.34388	0.9035409035
4.34558	1.343101343
4.34728	0.9035409035
4.34898	0.8547008547
4.35068	0.9035409035
4.35238	0.5372405372
4.35408	0.757020757
4.35578	0.9768009768
4.35748	1.05006105
4.35918	1.074481074
4.36088	0.9523809524
4.36258	1.05006105
4.36428	0.9768009768
4.36598	1.123321123
4.36768	1.26984127
4.36938	1.245421245
4.37108	0.7814407814
4.37278	0.5616605617
4.37448	0.6349206349
4.37618	0.927960928
4.37788	0.927960928
4.37958	0.6349206349
4.38128	1.391941392
4.38298	1.074481074
4.38468	0.9768009768
4.38638	0.7814407814
4.38808	0.9035409035
4.38978	1.001221001
4.39148	0.7814407814
4.39318	0.8058608059
4.39488	1.05006105
4.39658	1.221001221
4.39828	1.294261294
4.39998	0.9768009768
4.40168	1.025641026
4.40338	1.196581197
4.40508	1.074481074
4.40678	0.6837606838
4.40848	1.025641026
4.41018	0.7081807082
4.41188	0.9035409035
4.41358	0.9035409035
4.41528	0.5616605617
4.41698	0.8547008547
4.41868	0.927960928
4.42038	1.172161172
4.42208	0.8791208791
4.42378	0.8791208791
4.42548	1.123321123
4.42718	0.8547008547
4.42888	1.05006105
4.43058	0.4395604396
4.43228	0.757020757
4.43398	0.757020757
4.43568	0.8058608059
4.43738	1.025641026
4.43908	0.9768009768
4.44078	0.8791208791
4.44248	1.025641026
4.44418	1.294261294
4.44588	0.8058608059
4.44758	0.5128205128
4.44928	0.6593406593
4.45098	0.5860805861
4.45268	0.927960928
4.45438	0.6593406593
4.45608	0.5860805861
4.45778	1.172161172
4.45948	1.05006105
4.46118	0.6349206349
4.46288	0.9035409035
4.46458	0.8547008547
4.46628	0.7814407814
4.46798	0.8547008547
4.46968	0.8547008547
4.47138	0.3174603175
4.47308	0.9035409035
4.47478	0.7814407814
4.47648	0.8058608059
4.47818	1.05006105
4.47988	0.6349206349
4.48158	0.5616605617
4.48328	0.7814407814
4.48498	0.5372405372
4.48668	0.5616605617
4.48838	0.3907203907
4.49008	0.2197802198
4.49178	0.5616605617
4.49348	0.8302808303
4.49518	0.5860805861
4.49688	0.8791208791
4.49858	0.757020757
4.50028	0.6349206349
4.50198	0.9523809524
4.50368	0.9035409035
4.50538	0.757020757
4.50708	0.4395604396
4.50878	0.5616605617
4.51048	0.463980464
4.51218	0.5372405372
4.51388	0.4884004884
4.51558	0.7326007326
4.51728	1.147741148
4.51898	0.7814407814
4.52068	0.4884004884
4.52238	0.7081807082
4.52408	0.6105006105
4.52578	0.2686202686
4.52748	0.3663003663
4.52918	0.1465201465
4.53088	0.5372405372
4.53258	0.7814407814
4.53428	0.757020757
4.53598	0.7081807082
4.53768	1.123321123
4.53938	1.074481074
4.54108	0.7081807082
4.54278	0.5616605617
4.54448	1.001221001
4.54618	0.3418803419
4.54788	0.2686202686
4.54958	0.6593406593
4.55128	0.3663003663
4.55298	0.9035409035
4.55468	0.8791208791
4.55638	0.9035409035
4.55808	0.4395604396
4.55978	0.3907203907
4.56148	0.5128205128
4.56318	0.5128205128
4.56488	0.4884004884
4.56658	0.4884004884
4.56828	0.4395604396
4.56998	0.6349206349
4.57168	0.5616605617
4.57338	0.7081807082
4.57508	0.6837606838
4.57678	0.7081807082
4.57848	0.7326007326
4.58018	0.4395604396
4.58188	0.5860805861
4.58358	0.6593406593
4.58528	0.5616605617
4.58698	0.4151404151
4.58868	0.3907203907
4.59038	0.4884004884
4.59208	0.6349206349
4.59378	0.5616605617
4.59548	0.1221001221
4.59718	0.6105006105
4.59888	0.4884004884
4.60058	0.5860805861
4.60228	0.4151404151
4.60398	0.7081807082
4.60568	0.3663003663
4.60738	0.2442002442
4.60908	0.6349206349
4.61078	0.293040293
4.61248	0.4151404151
4.61418	0.3663003663
4.61588	0.6105006105
4.61758	0.7814407814
4.61928	0.757020757
4.62098	0.9523809524
4.62268	0.5616605617
4.62438	0.8791208791
4.62608	0.4884004884
4.62778	0.8058608059
4.62948	0.2686202686
4.63118	0.5372405372
4.63288	0.6837606838
4.63458	0.5128205128
4.63628	0.9768009768
4.63798	0.3663003663
4.63968	0.9035409035
4.64138	0.6837606838
4.64308	0.2197802198
4.64478	0.6593406593
4.64648	0.2686202686
4.64818	0.6837606838
4.64988	0.293040293
4.65158	0.6349206349
4.65328	0.8058608059
4.65498	0.5616605617
4.65668	0.7326007326
4.65838	0.5372405372
4.66008	0.4395604396
4.66178	0.3907203907
4.66348	0.3907203907
4.66518	1.001221001
4.66688	0.7081807082
4.66858	0.293040293
4.67028	0.6593406593
4.67198	0.4884004884
4.67368	1.025641026
4.67538	0.757020757
4.67708	0.4395604396
4.67878	0.5616605617
4.68048	0.6837606838
4.68218	0.463980464
4.68388	0.6349206349
4.68558	0.6105006105
4.68728	0.6593406593
4.68898	0.4151404151
4.69068	0.3418803419
4.69238	0.5616605617
4.69408	1.172161172
4.69578	0.757020757
4.69748	0.5128205128
4.69918	0.757020757
4.70088	0.4151404151
4.70258	0.4151404151
4.70428	0.4151404151
4.70598	0.293040293
4.70768	0.2197802198
4.70938	0.3663003663
4.71108	0.5372405372
4.71278	0.5372405372
4.71448	0.7326007326
4.71618	0.4151404151
4.71788	0.7814407814
4.71958	0.8302808303
4.72128	0.463980464
4.72298	0.5128205128
4.72468	0.5616605617
4.72638	0.9768009768
4.72808	0.8547008547
4.72978	0.3418803419
4.73148	0.9523809524
4.73318	0.9035409035
4.73488	0.8547008547
4.73658	0.7326007326
4.73828	0.757020757
4.73998	1.001221001
4.74168	0.1709401709
4.74338	0.3907203907
4.74508	1.025641026
4.74678	0.8791208791
4.74848	0.6105006105
4.75018	0.7814407814
4.75188	1.05006105
4.75358	1.074481074
4.75528	0.4395604396
4.75698	0.6837606838
4.75868	0.8058608059
4.76038	0.9523809524
4.76208	0.8791208791
4.76378	0.8791208791
4.76548	0.5372405372
4.76718	0.9523809524
4.76888	0.6593406593
4.77058	0.8058608059
4.77228	1.098901099
4.77398	1.221001221
4.77568	1.001221001
4.77738	0.6593406593
4.77908	0.5860805861
4.78078	0.5372405372
4.78248	0.5616605617
4.78418	0.8547008547
4.78588	0.6593406593
4.78758	0.6593406593
4.78928	0.927960928
4.79098	0.7326007326
4.79268	0.927960928
4.79438	0.5372405372
4.79608	0.7081807082
4.79778	0.8302808303
4.79948	1.074481074
4.80118	0.5128205128
4.80288	0.7081807082
4.80458	0.5616605617
4.80628	1.001221001
4.80798	1.001221001
4.80968	0.5372405372
4.81138	1.001221001
4.81308	0.5128205128
4.81478	1.001221001
4.81648	0.5860805861
4.81818	0.9768009768
4.81988	1.221001221
4.82158	0.4884004884
4.82328	0.9035409035
4.82498	0.8302808303
4.82668	1.05006105
4.82838	1.025641026
4.83008	0.5372405372
4.83178	1.172161172
4.83348	0.9035409035
4.83518	1.172161172
4.83688	0.8058608059
4.83858	0.927960928
4.84028	0.9768009768
4.84198	1.074481074
4.84368	0.463980464
4.84538	1.245421245
4.84708	1.123321123
4.84878	1.123321123
4.85048	0.9768009768
4.85218	1.221001221
4.85388	1.26984127
4.85558	0.9523809524
4.85728	1.123321123
4.85898	0.7081807082
4.86068	0.757020757
4.86238	0.757020757
4.86408	1.025641026
4.86578	0.8302808303
4.86748	1.221001221
4.86918	1.587301587
4.87088	1.123321123
4.87258	1.416361416
4.87428	1.074481074
4.87598	0.9768009768
4.87768	0.6837606838
4.87938	1.294261294
4.88108	0.6593406593
4.88278	0.8058608059
4.88448	1.123321123
4.88618	0.9523809524
4.88788	1.074481074
4.88958	0.8302808303
4.89128	1.098901099
4.89298	1.074481074
4.89468	1.123321123
4.89638	0.9768009768
4.89808	0.5616605617
4.89978	1.465201465
4.90148	0.9035409035
4.90318	1.001221001
4.90488	0.927960928
4.90658	0.8791208791
4.90828	1.074481074
4.90998	1.26984127
4.91168	0.9523809524
4.91338	1.025641026
4.91508	1.26984127
4.91678	1.172161172
4.91848	0.9035409035
4.92018	0.8547008547
4.92188	0.8791208791
4.92358	1.440781441
4.92528	0.8302808303
4.92698	0.8547008547
4.92868	1.245421245
4.93038	1.172161172
4.93208	1.26984127
4.93378	1.221001221
4.93548	1.123321123
4.93718	0.9035409035
4.93888	1.318681319
4.94058	1.172161172
4.94228	0.8058608059
4.94398	1.098901099
4.94568	0.6593406593
4.94738	1.391941392
4.94908	1.26984127
4.95078	1.172161172
4.95248	1.831501832
4.95418	1.660561661
4.95588	1.221001221
4.95758	1.05006105
4.95928	1.48962149
4.96098	1.245421245
4.96268	1.294261294
4.96438	1.26984127
4.96608	1.074481074
4.96778	1.465201465
4.96948	1.098901099
4.97118	1.514041514
4.97288	1.147741148
4.97458	1.294261294
4.97628	1.391941392
4.97798	1.123321123
4.97968	1.147741148
4.98138	1.001221001
4.98308	1.196581197
4.98478	0.9768009768
4.98648	1.514041514
4.98818	1.343101343
4.98988	1.440781441
4.99158	1.343101343
4.99328	1.391941392
4.99498	1.147741148
4.99668	1.123321123
4.99838	1.05006105
5.00008	0.8547008547
5.00178	0.8302808303
5.00348	1.318681319
5.00518	1.147741148
5.00688	1.465201465
5.00858	0.9523809524
5.01028	1.26984127
5.01198	1.074481074
5.01368	1.147741148
5.01538	1.391941392
5.01708	1.294261294
5.01878	1.098901099
5.02048	1.538461538
5.02218	1.147741148
5.02388	1.221001221
5.02558	1.343101343
5.02728	1.611721612
5.02898	0.9035409035
5.03068	1.465201465
5.03238	1.440781441
5.03408	1.172161172
5.03578	1.196581197
5.03748	1.172161172
5.03918	1.098901099
5.04088	1.48962149
5.04258	1.465201465
5.04428	1.172161172
5.04598	1.391941392
5.04768	1.48962149
5.04938	1.196581197
5.05108	1.538461538
5.05278	1.611721612
5.05448	1.391941392
5.05618	1.391941392
5.05788	1.465201465
5.05958	1.172161172
5.06128	1.538461538
5.06298	1.26984127
5.06468	1.367521368
5.06638	1.48962149
5.06808	1.807081807
5.06978	1.514041514
5.07148	1.367521368
5.07318	1.318681319
5.07488	1.562881563
5.07658	1.416361416
5.07828	1.26984127
5.07998	1.440781441
5.08168	1.123321123
5.08338	1.318681319
5.08508	1.26984127
5.08678	1.587301587
5.08848	1.636141636
5.09018	0.9768009768
5.09188	1.978021978
5.09358	1.758241758
5.09528	1.318681319
5.09698	0.9768009768
5.09868	1.221001221
5.10038	1.123321123
5.10208	1.391941392
5.10378	1.294261294
5.10548	1.074481074
5.10718	1.660561661
5.10888	1.611721612
5.11058	1.48962149
5.11228	1.245421245
5.11398	1.855921856
5.11568	1.465201465
5.11738	1.123321123
5.11908	1.074481074
5.12078	0.8302808303
5.12248	1.221001221
5.12418	1.245421245
5.12588	1.221001221
5.12758	1.587301587
5.12928	1.538461538
5.13098	1.391941392
5.13268	1.391941392
5.13438	1.48962149
5.13608	1.221001221
5.13778	1.440781441
5.13948	1.318681319
5.14118	1.465201465
5.14288	1.294261294
5.14458	1.318681319
5.14628	1.367521368
5.14798	1.562881563
5.14968	1.196581197
5.15138	1.098901099
5.15308	1.636141636
5.15478	1.343101343
5.15648	1.098901099
5.15818	1.221001221
5.15988	1.26984127
5.16158	1.245421245
5.16328	1.538461538
5.16498	0.927960928
5.16668	1.48962149
5.16838	1.343101343
5.17008	1.245421245
5.17178	1.636141636
5.17348	1.147741148
5.17518	1.587301587
5.17688	0.9523809524
5.17858	1.26984127
5.18028	1.636141636
5.18198	1.440781441
5.18368	1.318681319
5.18538	1.025641026
5.18708	1.831501832
5.18878	1.587301587
5.19048	1.733821734
5.19218	1.538461538
5.19388	1.391941392
5.19558	1.636141636
5.19728	1.245421245
5.19898	1.440781441
5.20068	1.196581197
5.20238	1.538461538
5.20408	1.391941392
5.20578	1.221001221
5.20748	1.465201465
5.20918	1.416361416
5.21088	1.611721612
5.21258	1.26984127
5.21428	1.367521368
5.21598	1.343101343
5.21768	1.147741148
5.21938	1.514041514
5.22108	1.660561661
5.22278	1.538461538
5.22448	1.562881563
5.22618	1.538461538
5.22788	1.758241758
5.22958	1.440781441
5.23128	1.48962149
5.23298	1.294261294
5.23468	1.221001221
5.23638	1.245421245
5.23808	1.514041514
5.23978	1.855921856
5.24148	1.709401709
5.24318	1.465201465
5.24488	1.245421245
5.24658	1.562881563
5.24828	1.538461538
5.24998	1.514041514
5.25168	1.343101343
5.25338	1.684981685
5.25508	1.978021978
5.25678	1.318681319
5.25848	1.391941392
5.26018	1.343101343
5.26188	1.440781441
5.26358	1.587301587
5.26528	1.733821734
5.26698	1.929181929
5.26868	1.367521368
5.27038	1.562881563
5.27208	1.48962149
5.27378	1.88034188
5.27548	1.709401709
5.27718	1.733821734
5.27888	1.636141636
5.28058	1.416361416
5.28228	1.465201465
5.28398	1.001221001
5.28568	1.587301587
5.28738	1.440781441
5.28908	1.758241758
5.29078	1.343101343
5.29248	1.587301587
5.29418	1.636141636
5.29588	1.465201465
5.29758	1.123321123
5.29928	1.391941392
5.30098	1.88034188
5.30268	1.709401709
5.30438	1.48962149
5.30608	1.831501832
5.30778	1.514041514
5.30948	1.587301587
5.31118	1.440781441
5.31288	1.562881563
5.31458	1.758241758
5.31628	1.367521368
5.31798	0.9035409035
5.31968	1.196581197
5.32138	1.709401709
5.32308	1.465201465
5.32478	1.465201465
5.32648	2.026862027
5.32818	1.587301587
5.32988	1.758241758
5.33158	1.318681319
5.33328	1.660561661
5.33498	1.684981685
5.33668	1.196581197
5.33838	1.294261294
5.34008	1.48962149
5.34178	1.733821734
5.34348	1.733821734
5.34518	1.221001221
5.34688	1.709401709
5.34858	1.440781441
5.35028	1.709401709
5.35198	1.538461538
5.35368	1.318681319
5.35538	1.196581197
5.35708	1.733821734
5.35878	1.684981685
5.36048	1.074481074
5.36218	1.196581197
5.36388	1.660561661
5.36558	1.367521368
5.36728	1.855921856
5.36898	1.733821734
5.37068	1.709401709
5.37238	1.367521368
5.37408	1.416361416
5.37578	1.538461538
5.37748	1.367521368
5.37918	1.660561661
5.38088	1.367521368
5.38258	1.88034188
5.38428	1.538461538
5.38598	1.636141636
5.38768	1.48962149
5.38938	1.367521368
5.39108	1.684981685
5.39278	1.636141636
5.39448	1.611721612
5.39618	1.343101343
5.39788	1.416361416
5.39958	1.855921856
5.40128	1.636141636
5.40298	1.587301587
5.40468	1.660561661
5.40638	1.684981685
5.40808	1.831501832
5.40978	1.831501832
5.41148	1.514041514
5.41318	1.391941392
5.41488	1.367521368
5.41658	1.391941392
5.41828	1.782661783
5.41998	1.465201465
5.42168	2.026862027
5.42338	1.636141636
5.42508	1.416361416
5.42678	1.831501832
5.42848	1.660561661
5.43018	1.782661783
5.43188	1.807081807
5.43358	1.465201465
5.43528	1.831501832
5.43698	1.807081807
5.43868	1.538461538
5.44038	1.636141636
5.44208	2.222222222
5.44378	1.318681319
5.44548	1.904761905
5.44718	2.173382173
5.44888	2.002442002
5.45058	1.465201465
5.45228	1.855921856
5.45398	1.978021978
5.45568	1.636141636
5.45738	1.782661783
5.45908	1.294261294
5.46078	1.318681319
5.46248	1.978021978
5.46418	1.343101343
5.46588	1.831501832
5.46758	1.636141636
5.46928	1.953601954
5.47098	1.416361416
5.47268	1.465201465
5.47438	1.831501832
5.47608	1.733821734
5.47778	1.684981685
5.47948	2.1001221
5.48118	1.782661783
5.48288	1.538461538
5.48458	1.514041514
5.48628	1.318681319
5.48798	1.88034188
5.48968	2.246642247
5.49138	1.807081807
5.49308	1.709401709
5.49478	1.904761905
5.49648	1.514041514
5.49818	1.538461538
5.49988	1.611721612
5.50158	2.002442002
5.50328	2.246642247
5.50498	1.807081807
5.50668	1.831501832
5.50838	1.48962149
5.51008	2.442002442
5.51178	1.636141636
5.51348	1.684981685
5.51518	2.051282051
5.51688	1.709401709
5.51858	1.48962149
5.52028	1.733821734
5.52198	1.660561661
5.52368	1.758241758
5.52538	1.48962149
5.52708	2.051282051
5.52878	2.148962149
5.53048	1.904761905
5.53218	1.245421245
5.53388	1.684981685
5.53558	1.48962149
5.53728	1.733821734
5.53898	1.465201465
5.54068	1.953601954
5.54238	2.124542125
5.54408	1.88034188
5.54578	1.978021978
5.54748	2.124542125
5.54918	1.416361416
5.55088	1.733821734
5.55258	1.636141636
5.55428	1.782661783
5.55598	2.1001221
5.55768	1.782661783
5.55938	1.978021978
5.56108	2.246642247
5.56278	1.88034188
5.56448	2.197802198
5.56618	1.782661783
5.56788	2.271062271
5.56958	1.758241758
5.57128	2.002442002
5.57298	1.758241758
5.57468	1.88034188
5.57638	1.807081807
5.57808	1.660561661
5.57978	1.562881563
5.58148	2.197802198
5.58318	2.197802198
5.58488	2.002442002
5.58658	1.904761905
5.58828	2.051282051
5.58998	1.709401709
5.59168	2.148962149
5.59338	1.88034188
5.59508	1.904761905
5.59678	2.075702076
5.59848	1.953601954
5.60018	1.953601954
5.60188	2.051282051
5.60358	1.953601954
5.60528	2.246642247
5.60698	1.782661783
5.60868	1.855921856
5.61038	2.124542125
5.61208	2.075702076
5.61378	1.978021978
5.61548	1.904761905
5.61718	1.758241758
5.61888	1.88034188
5.62058	1.587301587
5.62228	2.051282051
5.62398	1.953601954
5.62568	2.295482295
5.62738	2.271062271
5.62908	2.31990232
5.63078	2.002442002
5.63248	1.782661783
5.63418	2.31990232
5.63588	1.904761905
5.63758	1.953601954
5.63928	1.831501832
5.64098	1.636141636
5.64268	2.075702076
5.64438	1.684981685
5.64608	1.855921856
5.64778	1.807081807
5.64948	2.368742369
5.65118	2.148962149
5.65288	1.636141636
5.65458	2.197802198
5.65628	1.684981685
5.65798	2.173382173
5.65968	2.051282051
5.66138	1.904761905
5.66308	2.1001221
5.66478	2.051282051
5.66648	2.295482295
5.66818	2.344322344
5.66988	2.148962149
5.67158	1.831501832
5.67328	1.562881563
5.67498	1.953601954
5.67668	1.978021978
5.67838	2.197802198
5.68008	1.684981685
5.68178	2.612942613
5.68348	2.295482295
5.68518	2.075702076
5.68688	1.978021978
5.68858	2.173382173
5.69028	1.831501832
5.69198	1.953601954
5.69368	2.222222222
5.69538	2.222222222
5.69708	1.978021978
5.69878	1.929181929
5.70048	2.1001221
5.70218	2.417582418
5.70388	2.344322344
5.70558	2.222222222
5.70728	2.1001221
5.70898	1.978021978
5.71068	2.1001221
5.71238	2.124542125
5.71408	1.782661783
5.71578	2.1001221
5.71748	2.271062271
5.71918	2.075702076
5.72088	1.953601954
5.72258	2.124542125
5.72428	2.051282051
5.72598	2.417582418
5.72768	2.075702076
5.72938	2.026862027
5.73108	2.075702076
5.73278	2.173382173
5.73448	2.148962149
5.73618	2.173382173
5.73788	1.929181929
5.73958	2.026862027
5.74128	2.026862027
5.74298	2.075702076
5.74468	2.1001221
5.74638	2.075702076
5.74808	2.612942613
5.74978	2.148962149
5.75148	1.978021978
5.75318	1.831501832
5.75488	2.295482295
5.75658	1.904761905
5.75828	2.148962149
5.75998	2.31990232
5.76168	2.026862027
5.76338	2.197802198
5.76508	2.31990232
5.76678	2.612942613
5.76848	2.197802198
5.77018	1.953601954
5.77188	2.1001221
5.77358	2.295482295
5.77528	2.271062271
5.77698	2.197802198
5.77868	2.295482295
5.78038	2.246642247
5.78208	2.31990232
5.78378	1.904761905
5.78548	2.148962149
5.78718	2.222222222
5.78888	2.368742369
5.79058	2.051282051
5.79228	2.148962149
5.79398	1.953601954
5.79568	1.782661783
5.79738	2.31990232
5.79908	1.929181929
5.80078	2.246642247
5.80248	2.53968254
5.80418	2.442002442
5.80588	2.148962149
5.80758	1.978021978
5.80928	2.051282051
5.81098	1.904761905
5.81268	1.88034188
5.81438	2.148962149
5.81608	1.782661783
5.81778	2.246642247
5.81948	2.075702076
5.82118	2.393162393
5.82288	2.735042735
5.82458	2.148962149
5.82628	2.417582418
5.82798	1.904761905
5.82968	2.344322344
5.83138	1.978021978
5.83308	2.075702076
5.83478	2.222222222
5.83648	2.075702076
5.83818	2.368742369
5.83988	1.855921856
5.84158	2.246642247
5.84328	2.246642247
5.84498	2.393162393
5.84668	2.246642247
5.84838	2.442002442
5.85008	2.31990232
5.85178	2.051282051
5.85348	2.1001221
5.85518	2.148962149
5.85688	2.393162393
5.85858	2.246642247
5.86028	2.393162393
5.86198	2.515262515
5.86368	2.344322344
5.86538	2.442002442
5.86708	2.222222222
5.86878	2.490842491
5.87048	2.246642247
5.87218	1.782661783
5.87388	1.855921856
5.87558	2.197802198
5.87728	2.246642247
5.87898	1.904761905
5.88068	2.173382173
5.88238	2.612942613
5.88408	2.759462759
5.88578	2.344322344
5.88748	2.246642247
5.88918	2.173382173
5.89088	2.197802198
5.89258	2.051282051
5.89428	1.782661783
5.89598	2.515262515
5.89768	2.222222222
5.89938	2.051282051
5.90108	2.417582418
5.90278	2.417582418
5.90448	2.026862027
5.90618	2.051282051
5.90788	2.197802198
5.90958	2.31990232
5.91128	2.002442002
5.91298	1.953601954
5.91468	1.904761905
5.91638	2.148962149
5.91808	2.222222222
5.91978	2.344322344
5.92148	2.344322344
5.92318	1.978021978
5.92488	2.31990232
5.92658	2.197802198
5.92828	2.075702076
5.92998	2.344322344
5.93168	2.466422466
5.93338	2.490842491
5.93508	2.148962149
5.93678	2.53968254
5.93848	2.222222222
5.94018	2.368742369
5.94188	2.246642247
5.94358	2.442002442
5.94528	2.686202686
5.94698	2.515262515
5.94868	1.904761905
5.95038	2.686202686
5.95208	2.173382173
5.95378	2.368742369
5.95548	2.002442002
5.95718	2.222222222
5.95888	2.588522589
5.96058	2.53968254
5.96228	2.222222222
5.96398	2.368742369
5.96568	2.442002442
5.96738	2.442002442
5.96908	2.417582418
5.97078	2.026862027
5.97248	2.53968254
5.97418	2.31990232
5.97588	2.417582418
5.97758	2.612942613
5.97928	2.222222222
5.98098	2.295482295
5.98268	2.515262515
5.98438	2.417582418
5.98608	2.124542125
5.98778	2.148962149
5.98948	2.368742369
5.99118	1.953601954
5.99288	1.855921856
5.99458	2.368742369
5.99628	2.515262515
5.99798	2.393162393
5.99968	2.466422466
6.00138	2.588522589
6.00308	2.637362637
6.00478	2.637362637
6.00648	2.222222222
6.00818	2.051282051
6.00988	2.53968254
6.01158	2.026862027
6.01328	2.271062271
6.01498	2.393162393
6.01668	2.271062271
6.01838	2.271062271
6.02008	2.197802198
6.02178	2.515262515
6.02348	2.490842491
6.02518	2.31990232
6.02688	2.368742369
6.02858	2.271062271
6.03028	2.368742369
6.03198	2.026862027
6.03368	1.660561661
6.03538	2.124542125
6.03708	2.466422466
6.03878	2.417582418
6.04048	2.368742369
6.04218	2.271062271
6.04388	2.222222222
6.04558	2.051282051
6.04728	2.344322344
6.04898	2.271062271
6.05068	2.222222222
6.05238	2.53968254
6.05408	2.417582418
6.05578	2.393162393
6.05748	2.588522589
6.05918	2.197802198
6.06088	2.417582418
6.06258	2.735042735
6.06428	2.442002442
6.06598	2.31990232
6.06768	2.002442002
6.06938	2.515262515
6.07108	2.344322344
6.07278	2.271062271
6.07448	2.124542125
6.07618	2.295482295
6.07788	2.564102564
6.07958	2.295482295
6.08128	2.466422466
6.08298	2.686202686
6.08468	2.637362637
6.08638	2.197802198
6.08808	2.466422466
6.08978	2.686202686
6.09148	2.417582418
6.09318	2.417582418
6.09488	2.417582418
6.09658	2.466422466
6.09828	2.344322344
6.09998	2.051282051
6.10168	2.808302808
6.10338	2.759462759
6.10508	2.783882784
6.10678	2.368742369
6.10848	2.466422466
6.11018	2.490842491
6.11188	2.344322344
6.11358	2.490842491
6.11528	2.490842491
6.11698	2.53968254
6.11868	2.588522589
6.12038	2.31990232
6.12208	2.686202686
6.12378	2.344322344
6.12548	2.515262515
6.12718	2.295482295
6.12888	2.637362637
6.13058	2.344322344
6.13228	2.344322344
6.13398	2.173382173
6.13568	2.124542125
6.13738	2.417582418
6.13908	2.564102564
6.14078	2.661782662
6.14248	2.417582418
6.14418	2.686202686
6.14588	2.197802198
6.14758	2.368742369
6.14928	2.515262515
6.15098	2.368742369
6.15268	1.929181929
6.15438	2.564102564
6.15608	2.393162393
6.15778	2.808302808
6.15948	2.637362637
6.16118	2.588522589
6.16288	2.173382173
6.16458	2.710622711
6.16628	2.564102564
6.16798	2.588522589
6.16968	2.637362637
6.17138	2.344322344
6.17308	2.271062271
6.17478	2.515262515
6.17648	2.466422466
6.17818	2.53968254
6.17988	2.442002442
6.18158	2.979242979
6.18328	2.31990232
6.18498	2.490842491
6.18668	2.759462759
6.18838	2.295482295
6.19008	2.588522589
6.19178	2.295482295
6.19348	2.197802198
6.19518	2.271062271
6.19688	2.564102564
6.19858	2.954822955
6.20028	2.368742369
6.20198	2.53968254
6.20368	2.442002442
6.20538	2.783882784
6.20708	2.661782662
6.20878	2.1001221
6.21048	2.368742369
6.21218	1.978021978
6.21388	2.271062271
6.21558	2.490842491
6.21728	2.93040293
6.21898	2.466422466
6.22068	2.344322344
6.22238	2.442002442
6.22408	2.466422466
6.22578	2.686202686
6.22748	2.393162393
6.22918	2.393162393
6.23088	2.53968254
6.23258	2.31990232
6.23428	2.442002442
6.23598	2.295482295
6.23768	2.53968254
6.23938	2.686202686
6.24108	2.661782662
6.24278	2.417582418
6.24448	2.466422466
6.24618	2.31990232
6.24788	2.515262515
6.24958	2.246642247
6.25128	2.710622711
6.25298	2.515262515
6.25468	2.735042735
6.25638	2.979242979
6.25808	2.686202686
6.25978	2.686202686
6.26148	2.759462759
6.26318	2.637362637
6.26488	2.857142857
6.26658	2.173382173
6.26828	2.124542125
6.26998	2.490842491
6.27168	2.490842491
6.27338	2.710622711
6.27508	2.417582418
6.27678	2.832722833
6.27848	2.442002442
6.28018	2.612942613
6.28188	3.028083028
6.28358	2.710622711
6.28528	2.832722833
6.28698	2.368742369
6.28868	2.759462759
6.29038	2.368742369
6.29208	2.783882784
6.29378	2.271062271
6.29548	2.344322344
6.29718	2.564102564
6.29888	3.052503053
6.30058	2.759462759
6.30228	2.564102564
6.30398	2.368742369
6.30568	2.710622711
6.30738	2.759462759
6.30908	2.222222222
6.31078	2.735042735
6.31248	2.710622711
6.31418	2.344322344
6.31588	2.710622711
6.31758	2.710622711
6.31928	2.735042735
6.32098	2.661782662
6.32268	2.393162393
6.32438	2.564102564
6.32608	2.564102564
6.32778	2.393162393
6.32948	2.710622711
6.33118	2.588522589
6.33288	2.564102564
6.33458	2.490842491
6.33628	3.003663004
6.33798	2.783882784
6.33968	2.686202686
6.34138	2.564102564
6.34308	2.588522589
6.34478	2.564102564
6.34648	2.31990232
6.34818	2.637362637
6.34988	2.515262515
6.35158	2.466422466
6.35328	2.393162393
6.35498	2.637362637
6.35668	2.857142857
6.35838	2.564102564
6.36008	2.710622711
6.36178	2.295482295
6.36348	2.612942613
6.36518	2.442002442
6.36688	2.197802198
6.36858	2.661782662
6.37028	2.466422466
6.37198	2.735042735
6.37368	2.466422466
6.37538	2.637362637
6.37708	3.028083028
6.37878	2.393162393
6.38048	2.31990232
6.38218	2.759462759
6.38388	2.783882784
6.38558	2.686202686
6.38728	2.368742369
6.38898	2.31990232
6.39068	2.53968254
6.39238	2.588522589
6.39408	2.051282051
6.39578	3.272283272
6.39748	2.515262515
6.39918	2.783882784
6.40088	2.735042735
6.40258	2.393162393
6.40428	2.515262515
6.40598	2.026862027
6.40768	2.246642247
6.40938	2.442002442
6.41108	2.271062271
6.41278	2.686202686
6.41448	2.271062271
6.41618	2.783882784
6.41788	2.588522589
6.41958	2.588522589
6.42128	2.515262515
6.42298	2.588522589
6.42468	2.759462759
6.42638	2.442002442
6.42808	2.417582418
6.42978	2.661782662
6.43148	3.003663004
6.43318	2.808302808
6.43488	2.53968254
6.43658	2.735042735
6.43828	2.295482295
6.43998	2.588522589
6.44168	2.466422466
6.44338	2.53968254
6.44508	2.759462759
6.44678	2.53968254
6.44848	2.759462759
6.45018	2.637362637
6.45188	2.515262515
6.45358	2.881562882
6.45528	2.832722833
6.45698	2.710622711
6.45868	2.808302808
6.46038	2.808302808
6.46208	2.417582418
6.46378	2.857142857
6.46548	2.759462759
6.46718	2.612942613
6.46888	2.271062271
6.47058	2.53968254
6.47228	2.710622711
6.47398	2.417582418
6.47568	2.368742369
6.47738	2.442002442
6.47908	2.710622711
6.48078	2.53968254
6.48248	2.246642247
6.48418	2.832722833
6.48588	2.515262515
6.48758	2.93040293
6.48928	2.222222222
6.49098	2.490842491
6.49268	2.466422466
6.49438	2.148962149
6.49608	2.490842491
6.49778	2.93040293
6.49948	2.53968254
6.50118	2.637362637
6.50288	2.368742369
6.50458	2.588522589
6.50628	2.661782662
6.50798	2.246642247
6.50968	2.53968254
6.51138	2.515262515
6.51308	2.588522589
6.51478	2.442002442
6.51648	3.003663004
6.51818	2.857142857
6.51988	2.588522589
6.52158	2.637362637
6.52328	2.686202686
6.52498	2.857142857
6.52668	2.246642247
6.52838	2.515262515
6.53008	2.490842491
6.53178	2.588522589
6.53348	2.686202686
6.53518	2.222222222
6.53688	2.783882784
6.53858	2.735042735
6.54028	2.612942613
6.54198	2.490842491
6.54368	2.31990232
6.54538	2.564102564
6.54708	2.808302808
6.54878	2.490842491
6.55048	2.637362637
6.55218	2.759462759
6.55388	2.710622711
6.55558	2.588522589
6.55728	2.735042735
6.55898	2.783882784
6.56068	2.588522589
6.56238	2.344322344
6.56408	2.783882784
6.56578	2.588522589
6.56748	2.490842491
6.56918	2.564102564
6.57088	2.53968254
6.57258	2.515262515
6.57428	2.588522589
6.57598	3.052503053
6.57768	2.588522589
6.57938	2.759462759
6.58108	2.686202686
6.58278	2.271062271
6.58448	3.076923077
6.58618	2.246642247
6.58788	2.344322344
6.58958	2.735042735
6.59128	2.515262515
6.59298	2.515262515
6.59468	2.612942613
6.59638	2.637362637
6.59808	2.783882784
6.59978	2.905982906
6.60148	2.368742369
6.60318	2.051282051
6.60488	2.783882784
6.60658	2.1001221
6.60828	2.417582418
6.60998	2.222222222
6.61168	3.052503053
6.61338	3.003663004
6.61508	2.53968254
6.61678	2.612942613
6.61848	2.612942613
6.62018	2.612942613
6.62188	2.368742369
6.62358	2.417582418
6.62528	2.53968254
6.62698	2.515262515
6.62868	2.515262515
6.63038	2.637362637
6.63208	2.783882784
6.63378	2.686202686
6.63548	2.222222222
6.63718	2.417582418
6.63888	2.637362637
6.64058	2.783882784
6.64228	2.564102564
6.64398	2.53968254
6.64568	2.271062271
6.64738	2.148962149
6.64908	2.588522589
6.65078	2.686202686
6.65248	2.564102564
6.65418	2.759462759
6.65588	2.954822955
6.65758	2.857142857
6.65928	2.637362637
6.66098	2.564102564
6.66268	2.295482295
6.66438	2.466422466
6.66608	2.735042735
6.66778	2.075702076
6.66948	2.368742369
6.67118	2.417582418
6.67288	2.490842491
6.67458	2.564102564
6.67628	2.515262515
6.67798	2.710622711
6.67968	2.710622711
6.68138	2.612942613
6.68308	2.075702076
6.68478	2.466422466
6.68648	2.588522589
6.68818	2.002442002
6.68988	2.31990232
6.69158	2.515262515
6.69328	2.417582418
6.69498	2.588522589
6.69668	2.710622711
6.69838	2.857142857
6.70008	2.661782662
6.70178	2.075702076
6.70348	2.31990232
6.70518	2.442002442
6.70688	2.246642247
6.70858	2.197802198
6.71028	2.515262515
6.71198	2.051282051
6.71368	2.417582418
6.71538	2.124542125
6.71708	2.466422466
6.71878	2.735042735
6.72048	2.857142857
6.72218	2.515262515
6.72388	2.417582418
6.72558	2.368742369
6.72728	2.002442002
6.72898	2.31990232
6.73068	2.466422466
6.73238	2.246642247
6.73408	2.515262515
6.73578	2.295482295
6.73748	2.735042735
6.73918	2.686202686
6.74088	2.31990232
6.74258	2.124542125
6.74428	2.124542125
6.74598	2.1001221
6.74768	2.417582418
6.74938	2.466422466
6.75108	2.661782662
6.75278	2.197802198
6.75448	2.490842491
6.75618	2.637362637
6.75788	2.466422466
6.75958	2.612942613
6.76128	2.564102564
6.76298	2.295482295
6.76468	2.393162393
6.76638	2.002442002
6.76808	2.148962149
6.76978	2.295482295
6.77148	2.515262515
6.77318	2.344322344
6.77488	2.490842491
6.77658	2.393162393
6.77828	2.515262515
6.77998	2.515262515
6.78168	2.246642247
6.78338	2.344322344
6.78508	2.173382173
6.78678	2.197802198
6.78848	1.953601954
6.79018	2.148962149
6.79188	2.197802198
6.79358	2.368742369
6.79528	2.124542125
6.79698	2.515262515
6.79868	2.564102564
6.80038	2.271062271
6.80208	2.271062271
6.80378	2.53968254
6.80548	2.051282051
6.80718	2.466422466
6.80888	2.271062271
6.81058	2.344322344
6.81228	2.637362637
6.81398	2.637362637
6.81568	2.222222222
6.81738	2.442002442
6.81908	2.393162393
6.82078	2.271062271
6.82248	2.222222222
6.82418	2.1001221
6.82588	1.978021978
6.82758	2.246642247
6.82928	2.173382173
6.83098	2.051282051
6.83268	2.393162393
6.83438	2.295482295
6.83608	2.881562882
6.83778	2.466422466
6.83948	2.515262515
6.84118	1.978021978
6.84288	2.148962149
6.84458	2.53968254
6.84628	2.1001221
6.84798	2.588522589
6.84968	2.393162393
6.85138	2.295482295
6.85308	2.661782662
6.85478	2.148962149
6.85648	2.515262515
6.85818	2.637362637
6.85988	2.564102564
6.86158	2.124542125
6.86328	2.124542125
6.86498	2.1001221
6.86668	2.417582418
6.86838	2.515262515
6.87008	2.197802198
6.87178	2.466422466
6.87348	2.344322344
6.87518	2.344322344
6.87688	2.368742369
6.87858	2.344322344
6.88028	2.588522589
6.88198	1.88034188
6.88368	1.929181929
6.88538	1.929181929
6.88708	2.246642247
6.88878	2.026862027
6.89048	2.197802198
6.89218	2.564102564
6.89388	1.953601954
6.89558	2.148962149
6.89728	2.246642247
6.89898	1.978021978
6.90068	2.393162393
6.90238	2.1001221
6.90408	2.344322344
6.90578	1.807081807
6.90748	1.758241758
6.90918	2.197802198
6.91088	2.026862027
6.91258	2.295482295
6.91428	2.148962149
6.91598	2.417582418
6.91768	2.173382173
6.91938	2.53968254
6.92108	2.1001221
6.92278	1.978021978
6.92448	2.075702076
6.92618	2.197802198
6.92788	2.026862027
6.92958	1.758241758
6.93128	2.466422466
6.93298	2.344322344
6.93468	2.612942613
6.93638	2.051282051
6.93808	2.148962149
6.93978	2.686202686
6.94148	1.953601954
6.94318	2.026862027
6.94488	2.051282051
6.94658	2.002442002
6.94828	2.026862027
6.94998	2.026862027
6.95168	2.417582418
6.95338	2.686202686
6.95508	2.295482295
6.95678	2.222222222
6.95848	1.929181929
6.96018	2.148962149
6.96188	2.31990232
6.96358	2.075702076
6.96528	2.295482295
6.96698	2.051282051
6.96868	2.124542125
6.97038	2.442002442
6.97208	2.075702076
6.97378	2.075702076
6.97548	1.904761905
6.97718	2.002442002
6.97888	1.978021978
6.98058	2.246642247
6.98228	1.88034188
6.98398	1.733821734
6.98568	2.026862027
6.98738	1.953601954
6.98908	1.929181929
6.99078	2.246642247
6.99248	2.417582418
6.99418	2.197802198
6.99588	2.197802198
6.99758	2.368742369
6.99928	2.53968254
