Bruker BioSpin GmbH: the minispec
DataType=5
DataLimits=0.03778,6.99928,4096
DataUnit=Time/ms,Intensity/%
c:\program files\bruker the minispec\application pool demo\fid.app
28.09.2024 12:12:58

0.03778	141.1965812
0.03948	141.4163614
0.04118	141.4163614
0.04288	141.4163614
0.04458	141.4163614
0.04628	141.4163614
0.04798	141.4163614
0.04968	141.4163614
0.05138	141.4163614
0.05308	141.4163614
0.05478	141.4163614
0.05648	141.4163614
0.05818	141.4163614
0.05988	141.4163614
0.06158	141.4163614
0.06328	141.4163614
0.06498	141.4163614
0.06668	141.4163614
0.06838	141.4163614
0.07008	141.4163614
0.07178	141.4163614
0.07348	141.4163614
0.07518	141.4163614
0.07688	141.4163614
0.07858	141.4163614
0.08028	141.4163614
0.08198	141.4163614
0.08368	141.4163614
0.08538	141.4163614
0.08708	141.4163614
0.08878	141.4163614
0.09048	141.4163614
0.09218	141.4163614
0.09388	141.4163614
0.09558	141.4163614
0.09728	141.4163614
0.09898	141.4163614
0.10068	141.4163614
0.10238	141.4163614
0.10408	141.4163614
0.10578	141.4163614
0.10748	141.4163614
0.10918	141.4163614
0.11088	141.4163614
0.11258	141.4163614
0.11428	141.4163614
0.11598	141.4163614
0.11768	141.4163614
0.11938	141.4163614
0.12108	141.4163614
0.12278	141.4163614
0.12448	141.4163614
0.12618	141.4163614
0.12788	141.4163614
0.12958	141.4163614
0.13128	141.4163614
0.13298	141.4163614
0.13468	141.4163614
0.13638	141.4163614
0.13808	141.4163614
0.13978	141.4163614
0.14148	141.4163614
0.14318	141.4163614
0.14488	141.4163614
0.14658	141.4163614
0.14828	141.4163614
0.14998	141.4163614
0.15168	141.4163614
0.15338	141.4163614
0.15508	141.4163614
0.15678	141.4163614
0.15848	141.4163614
0.16018	141.4163614
0.16188	141.4163614
0.16358	141.4163614
0.16528	141.4163614
0.16698	141.4163614
0.16868	141.4163614
0.17038	141.4163614
0.17208	141.4163614
0.17378	141.4163614
0.17548	141.4163614
0.17718	141.4163614
0.17888	141.4163614
0.18058	141.4163614
0.18228	141.4163614
0.18398	141.4163614
0.18568	141.4163614
0.18738	141.4163614
0.18908	141.4163614
0.19078	141.4163614
0.19248	141.4163614
0.19418	141.4163614
0.19588	141.4163614
0.19758	141.4163614
0.19928	141.4163614
0.20098	141.4163614
0.20268	141.4163614
0.20438	141.4163614
0.20608	141.4163614
0.20778	141.4163614
0.20948	141.4163614
0.21118	141.4163614
0.21288	141.4163614
0.21458	141.4163614
0.21628	141.4163614
0.21798	141.4163614
0.21968	141.4163614
0.22138	141.4163614
0.22308	141.4163614
0.22478	141.4163614
0.22648	141.4163614
0.22818	141.4163614
0.22988	141.4163614
0.23158	141.4163614
0.23328	141.4163614
0.23498	141.4163614
0.23668	141.4163614
0.23838	141.4163614
0.24008	141.4163614
0.24178	141.4163614
0.24348	141.4163614
0.24518	141.4163614
0.24688	141.4163614
0.24858	141.4163614
0.25028	141.4163614
0.25198	141.4163614
0.25368	141.4163614
0.25538	141.4163614
0.25708	141.4163614
0.25878	141.4163614
0.26048	141.4163614
0.26218	141.4163614
0.26388	141.4163614
0.26558	141.4163614
0.26728	141.4163614
0.26898	141.4163614
0.27068	141.4163614
0.27238	141.4163614
0.27408	141.4163614
0.27578	141.4163614
0.27748	141.4163614
0.27918	141.4163614
0.28088	141.4163614
0.28258	141.4163614
0.28428	141.4163614
0.28598	141.4163614
0.28768	141.4163614
0.28938	141.4163614
0.29108	141.4163614
0.29278	141.4163614
0.29448	141.4163614
0.29618	141.4163614
0.29788	141.4163614
0.29958	141.4163614
0.30128	141.4163614
0.30298	141.4163614
0.30468	141.4163614
0.30638	141.4163614
0.30808	141.4163614
0.30978	141.4163614
0.31148	141.4163614
0.31318	141.4163614
0.31488	141.4163614
0.31658	141.4163614
0.31828	141.4163614
0.31998	141.4163614
0.32168	141.4163614
0.32338	141.4163614
0.32508	141.4163614
0.32678	141.4163614
0.32848	141.4163614
0.33018	141.4163614
0.33188	141.4163614
0.33358	141.4163614
0.33528	141.4163614
0.33698	141.4163614
0.33868	141.4163614
0.34038	141.4163614
0.34208	141.4163614
0.34378	141.4163614
0.34548	141.4163614
0.34718	141.4163614
0.34888	141.4163614
0.35058	141.4163614
0.35228	141.4163614
0.35398	141.4163614
0.35568	141.4163614
0.35738	141.4163614
0.35908	141.4163614
0.36078	141.4163614
0.36248	141.4163614
0.36418	141.4163614
0.36588	141.4163614
0.36758	141.4163614
0.36928	141.4163614
0.37098	141.4163614
0.37268	141.4163614
0.37438	141.4163614
0.37608	141.4163614
0.37778	141.4163614
0.37948	141.4163614
0.38118	141.4163614
0.38288	141.4163614
0.38458	141.4163614
0.38628	141.4163614
0.38798	141.4163614
0.38968	141.4163614
0.39138	141.4163614
0.39308	141.4163614
0.39478	141.4163614
0.39648	141.4163614
0.39818	141.4163614
0.39988	141.4163614
0.40158	141.4163614
0.40328	141.4163614
0.40498	141.4163614
0.40668	141.4163614
0.40838	141.4163614
0.41008	141.4163614
0.41178	141.4163614
0.41348	141.4163614
0.41518	141.4163614
0.41688	141.4163614
0.41858	141.4163614
0.42028	141.4163614
0.42198	141.4163614
0.42368	141.4163614
0.42538	141.4163614
0.42708	141.4163614
0.42878	141.4163614
0.43048	141.4163614
0.43218	141.4163614
0.43388	141.4163614
0.43558	141.4163614
0.43728	141.4163614
0.43898	141.4163614
0.44068	141.4163614
0.44238	141.4163614
0.44408	141.4163614
0.44578	141.4163614
0.44748	141.4163614
0.44918	141.4163614
0.45088	141.4163614
0.45258	141.4163614
0.45428	141.4163614
0.45598	141.4163614
0.45768	141.4163614
0.45938	141.4163614
0.46108	141.4163614
0.46278	141.4163614
0.46448	141.4163614
0.46618	141.4163614
0.46788	141.4163614
0.46958	141.4163614
0.47128	141.4163614
0.47298	141.4163614
0.47468	141.4163614
0.47638	141.4163614
0.47808	141.4163614
0.47978	141.4163614
0.48148	141.4163614
0.48318	141.4163614
0.48488	141.4163614
0.48658	141.4163614
0.48828	141.4163614
0.48998	141.4163614
0.49168	141.4163614
0.49338	141.4163614
0.49508	141.4163614
0.49678	141.4163614
0.49848	141.4163614
0.50018	141.4163614
0.50188	141.4163614
0.50358	141.4163614
0.50528	141.4163614
0.50698	141.4163614
0.50868	141.4163614
0.51038	141.4163614
0.51208	141.4163614
0.51378	141.4163614
0.51548	141.4163614
0.51718	141.4163614
0.51888	141.4163614
0.52058	141.4163614
0.52228	141.4163614
0.52398	141.4163614
0.52568	141.4163614
0.52738	141.4163614
0.52908	141.4163614
0.53078	141.4163614
0.53248	141.4163614
0.53418	141.4163614
0.53588	141.4163614
0.53758	141.4163614
0.53928	141.4163614
0.54098	141.4163614
0.54268	141.4163614
0.54438	141.4163614
0.54608	141.4163614
0.54778	141.4163614
0.54948	141.4163614
0.55118	141.4163614
0.55288	141.4163614
0.55458	141.4163614
0.55628	141.4163614
0.55798	141.4163614
0.55968	141.4163614
0.56138	141.4163614
0.56308	141.4163614
0.56478	141.4163614
0.56648	141.4163614
0.56818	141.4163614
0.56988	141.4163614
0.57158	141.4163614
0.57328	141.4163614
0.57498	141.4163614
0.57668	141.4163614
0.57838	141.4163614
0.58008	141.4163614
0.58178	141.1477411
0.58348	140.7326007
0.58518	140.3174603
0.58688	139.8290598
0.58858	139.3894994
0.59028	138.9499389
0.59198	138.5103785
0.59368	138.0952381
0.59538	137.6312576
0.59708	137.3137973
0.59878	136.6544567
0.60048	136.4346764
0.60218	136.2393162
0.60388	135.7509158
0.60558	135.2136752
0.60728	134.9206349
0.60898	134.5054945
0.61068	134.1147741
0.61238	133.8217338
0.61408	133.3089133
0.61578	132.6984127
0.61748	132.1123321
0.61918	132.039072
0.62088	131.7460317
0.62258	131.1843712
0.62428	131.013431
0.62598	130.5494505
0.62768	130.2564103
0.62938	129.5970696
0.63108	129.1086691
0.63278	128.8400488
0.63448	128.5958486
0.63618	128.0586081
0.63788	127.7655678
0.63958	127.6190476
0.64128	127.1306471
0.64298	126.7643468
0.64468	126.3492063
0.64638	126.0805861
0.64808	125.7875458
0.64978	125.2258852
0.65148	125.0549451
0.65318	124.7619048
0.65488	124.3956044
0.65658	124.1758242
0.65828	123.5653236
0.65998	123.2722833
0.66168	123.0525031
0.66338	122.6617827
0.66508	122.4175824
0.66678	122.026862
0.66848	121.7094017
0.67018	121.3186813
0.67188	121.1233211
0.67358	121.001221
0.67528	120.4884005
0.67698	120.2197802
0.67868	119.8778999
0.68038	119.6825397
0.68208	119.3406593
0.68378	119.1452991
0.68548	118.7545788
0.68718	118.5347985
0.68888	118.0952381
0.69058	117.6312576
0.69228	117.6068376
0.69398	117.3626374
0.69568	116.8742369
0.69738	116.7277167
0.69908	116.4835165
0.70078	116.1660562
0.70248	115.7509158
0.70418	115.6532357
0.70588	115.1648352
0.70758	115.1404151
0.70928	115.018315
0.71098	114.7008547
0.71268	114.4566545
0.71438	114.1391941
0.71608	113.7728938
0.71778	113.5042735
0.71948	113.4065934
0.72118	113.1379731
0.72288	112.7472527
0.72458	112.6984127
0.72628	112.1611722
0.72798	112.1855922
0.72968	111.9413919
0.73138	111.6971917
0.73308	111.5750916
0.73478	111.2332112
0.73648	110.989011
0.73818	110.6959707
0.73988	110.7448107
0.74158	110.4761905
0.74328	110.3296703
0.74498	110.1587302
0.74668	109.8656899
0.74838	109.5970696
0.75008	109.2796093
0.75178	109.1819292
0.75348	109.010989
0.75518	108.7667888
0.75688	108.6202686
0.75858	108.3516484
0.76028	108.3272283
0.76198	108.1562882
0.76368	107.8388278
0.76538	107.7411477
0.76708	107.6434676
0.76878	107.4725275
0.77048	107.2771673
0.77218	107.032967
0.77388	106.7643468
0.77558	106.7643468
0.77728	106.5201465
0.77898	106.3736264
0.78068	106.2515263
0.78238	106.1050061
0.78408	105.9340659
0.78578	105.9096459
0.78748	105.7142857
0.78918	105.4212454
0.79088	105.2747253
0.79258	105.3235653
0.79428	105.030525
0.79598	104.9328449
0.79768	104.8595849
0.79938	104.7130647
0.80108	104.6886447
0.80278	104.4688645
0.80448	104.3467643
0.80618	104.2735043
0.80788	104.1758242
0.80958	103.9072039
0.81128	103.8583639
0.81298	103.8339438
0.81468	103.6874237
0.81638	103.5653236
0.81808	103.4188034
0.81978	103.2967033
0.82148	103.2234432
0.82318	103.1746032
0.82488	103.1501832
0.82658	102.9304029
0.82828	102.8571429
0.82998	102.6862027
0.83168	102.5152625
0.83338	102.5152625
0.83508	102.5152625
0.83678	102.3687424
0.83848	102.2710623
0.84018	102.3199023
0.84188	102.1245421
0.84358	101.978022
0.84528	101.9291819
0.84698	101.8803419
0.84868	101.7826618
0.85038	101.7094017
0.85208	101.6605617
0.85378	101.6117216
0.85548	101.5873016
0.85718	101.5140415
0.85888	101.1965812
0.86058	101.3186813
0.86228	101.0500611
0.86398	100.5616606
0.86568	99.95115995
0.86738	99.85347985
0.86908	99.63369963
0.87078	99.21855922
0.87248	99.51159951
0.87418	98.87667888
0.87588	98.82783883
0.87758	98.24175824
0.87928	98.41269841
0.88098	97.38705739
0.88268	97.77777778
0.88438	97.06959707
0.88608	96.82539683
0.88778	96.41025641
0.88948	96.23931624
0.89118	96.16605617
0.89288	95.62881563
0.89458	95.72649573
0.89628	95.16483516
0.89798	94.96947497
0.89968	94.84737485
0.90138	94.67643468
0.90308	94.77411477
0.90478	94.11477411
0.90648	93.43101343
0.90818	93.35775336
0.90988	93.06471306
0.91158	92.86935287
0.91328	92.6984127
0.91498	92.13675214
0.91668	91.79487179
0.91838	91.47741148
0.92008	91.42857143
0.92178	91.13553114
0.92348	90.72039072
0.92518	90.84249084
0.92688	90.74481074
0.92858	90.15873016
0.93028	89.35286935
0.93198	89.67032967
0.93368	89.23076923
0.93538	89.32844933
0.93708	88.86446886
0.93878	88.98656899
0.94048	88.42490842
0.94218	88.4981685
0.94388	87.74114774
0.94558	87.25274725
0.94728	87.3015873
0.94898	86.73992674
0.95068	86.81318681
0.95238	86.66666667
0.95408	86.05616606
0.95578	86.00732601
0.95748	85.61660562
0.95918	85.83638584
0.96088	85.49450549
0.96258	85.27472527
0.96428	84.68864469
0.96598	84.15140415
0.96768	84.44444444
0.96938	83.93162393
0.97108	83.73626374
0.97278	83.51648352
0.97448	83.39438339
0.97618	83.1013431
0.97788	82.75946276
0.97958	82.53968254
0.98128	82.24664225
0.98298	82.46642247
0.98468	81.12332112
0.98638	81.48962149
0.98808	81.29426129
0.98978	81.001221
0.99148	80.46398046
0.99318	80.34188034
0.99488	80.29304029
0.99658	80.04884005
0.99828	79.41391941
0.99998	79.46275946
1.00168	79.51159951
1.00338	79.12087912
1.00508	78.65689866
1.00678	78.55921856
1.00848	78.38827839
1.01018	78.11965812
1.01188	77.72893773
1.01358	77.43589744
1.01528	77.50915751
1.01698	76.87423687
1.01868	76.94749695
1.02038	76.23931624
1.02208	76.53235653
1.02378	76.09279609
1.02548	75.87301587
1.02718	75.84859585
1.02888	75.38461538
1.03058	74.96947497
1.03228	74.74969475
1.03398	74.77411477
1.03568	74.74969475
1.03738	74.23687424
1.03908	74.06593407
1.04078	73.84615385
1.04248	73.55311355
1.04418	73.08913309
1.04588	72.74725275
1.04758	72.84493284
1.04928	72.57631258
1.05098	72.38095238
1.05268	72.13675214
1.05438	71.84371184
1.05608	71.74603175
1.05778	71.45299145
1.05948	71.20879121
1.06118	70.94017094
1.06288	71.13553114
1.06458	70.37851038
1.06628	70.30525031
1.06798	69.96336996
1.06968	69.4017094
1.07138	69.27960928
1.07308	69.32844933
1.07478	69.27960928
1.07648	68.98656899
1.07818	68.81562882
1.07988	68.71794872
1.08158	68.00976801
1.08328	67.74114774
1.08498	67.25274725
1.08668	67.25274725
1.08838	67.3015873
1.09008	66.66666667
1.09178	66.81318681
1.09348	66.44688645
1.09518	66.25152625
1.09688	66.25152625
1.09858	65.61660562
1.10028	65.81196581
1.10198	65.3968254
1.10368	65.34798535
1.10538	64.81074481
1.10708	64.54212454
1.10878	64.27350427
1.11048	64.07814408
1.11218	63.93162393
1.11388	63.95604396
1.11558	63.49206349
1.11728	63.24786325
1.11898	63.2967033
1.12068	62.93040293
1.12238	62.68620269
1.12408	62.31990232
1.12578	62.07570208
1.12748	61.9047619
1.12918	61.41636142
1.13088	61.48962149
1.13258	61.31868132
1.13428	61.0989011
1.13598	61.29426129
1.13768	60.53724054
1.13938	60.02442002
1.14108	60.34188034
1.14278	59.92673993
1.14448	59.53601954
1.14618	59.12087912
1.14788	59.65811966
1.14958	58.82783883
1.15128	59.12087912
1.15298	58.77899878
1.15468	58.48595849
1.15638	58.31501832
1.15808	57.97313797
1.15978	58.04639805
1.16148	57.38705739
1.16318	57.41147741
1.16488	57.19169719
1.16658	56.63003663
1.16828	56.63003663
1.16998	56.41025641
1.17168	56.31257631
1.17338	56.01953602
1.17508	55.7020757
1.17678	55.82417582
1.17848	55.53113553
1.18018	55.7020757
1.18188	54.99389499
1.18358	54.7985348
1.18528	54.35897436
1.18698	54.48107448
1.18868	53.96825397
1.19038	53.84615385
1.19208	53.57753358
1.19378	53.55311355
1.19548	53.08913309
1.19718	53.13797314
1.19888	52.84493284
1.20058	52.6007326
1.20228	52.62515263
1.20398	52.47863248
1.20568	51.94139194
1.20738	51.67277167
1.20908	51.45299145
1.21078	51.57509158
1.21248	51.28205128
1.21418	51.06227106
1.21588	51.06227106
1.21758	50.67155067
1.21928	50.42735043
1.22098	50.23199023
1.22268	49.98778999
1.22438	49.91452991
1.22608	49.03540904
1.22778	48.96214896
1.22948	48.76678877
1.23118	49.20634921
1.23288	48.5958486
1.23458	48.76678877
1.23628	48.4981685
1.23798	48.20512821
1.23968	47.66788767
1.24138	47.71672772
1.24308	47.96092796
1.24478	47.37484737
1.24648	47.4969475
1.24818	46.76434676
1.24988	47.08180708
1.25158	46.44688645
1.25328	46.86202686
1.25498	46.10500611
1.25668	45.81196581
1.25838	45.68986569
1.26008	46.03174603
1.26178	45.44566545
1.26348	45.37240537
1.26518	44.56654457
1.26688	44.95726496
1.26858	44.76190476
1.27028	44.17582418
1.27198	44.24908425
1.27368	43.88278388
1.27538	43.98046398
1.27708	43.61416361
1.27878	43.51648352
1.28048	43.27228327
1.28218	42.97924298
1.28388	43.003663
1.28558	42.36874237
1.28728	42.80830281
1.28898	41.75824176
1.29068	42.02686203
1.29238	41.9047619
1.29408	41.80708181
1.29578	41.75824176
1.29748	41.39194139
1.29918	41.44078144
1.30088	41.12332112
1.30258	40.75702076
1.30428	40.65934066
1.30598	40.02442002
1.30768	40.21978022
1.30938	40.02442002
1.31108	39.87789988
1.31278	39.38949939
1.31448	39.51159951
1.31618	39.56043956
1.31788	39.51159951
1.31958	39.21855922
1.32128	38.97435897
1.32298	39.14529915
1.32468	38.38827839
1.32638	38.07081807
1.32808	38.0952381
1.32978	38.19291819
1.33148	37.92429792
1.33318	37.38705739
1.33488	37.58241758
1.33658	36.97191697
1.33828	37.36263736
1.33998	36.77655678
1.34168	36.97191697
1.34338	36.82539683
1.34508	35.97069597
1.34678	36.19047619
1.34848	36.14163614
1.35018	35.67765568
1.35188	35.995116
1.35358	35.62881563
1.35528	35.53113553
1.35698	35.06715507
1.35868	35.21367521
1.36038	34.74969475
1.36208	34.40781441
1.36378	34.7008547
1.36548	34.48107448
1.36718	34.21245421
1.36888	34.06593407
1.37058	34.18803419
1.37228	34.11477411
1.37398	33.43101343
1.37568	33.18681319
1.37738	33.16239316
1.37908	33.18681319
1.38078	32.84493284
1.38248	33.21123321
1.38418	32.6007326
1.38588	32.47863248
1.38758	32.01465201
1.38928	32.40537241
1.39098	32.5030525
1.39268	32.08791209
1.39438	31.89255189
1.39608	31.91697192
1.39778	31.57509158
1.39948	31.28205128
1.40118	31.28205128
1.40288	31.45299145
1.40458	30.67155067
1.40628	30.64713065
1.40798	30.28083028
1.40968	30.23199023
1.41138	30.57387057
1.41308	30.57387057
1.41478	30.18315018
1.41648	29.84126984
1.41818	29.81684982
1.41988	29.52380952
1.42158	29.25518926
1.42328	29.27960928
1.42498	29.05982906
1.42668	28.93772894
1.42838	28.88888889
1.43008	29.23076923
1.43178	28.71794872
1.43348	28.3028083
1.43518	28.71794872
1.43688	28.03418803
1.43858	28.08302808
1.44028	28.13186813
1.44198	27.98534799
1.44368	27.93650794
1.44538	27.37484737
1.44708	27.22832723
1.44878	27.3992674
1.45048	27.59462759
1.45218	27.25274725
1.45388	26.71550672
1.45558	27.00854701
1.45728	26.98412698
1.45898	26.61782662
1.46068	26.4957265
1.46238	26.37362637
1.46408	26.32478632
1.46578	26.27594628
1.46748	26.05616606
1.46918	26.05616606
1.47088	26.3003663
1.47258	25.12820513
1.47428	25.66544567
1.47598	25.44566545
1.47768	25.37240537
1.47938	25.3968254
1.48108	25.1037851
1.48278	25.27472527
1.48448	25.1037851
1.48618	24.93284493
1.48788	24.32234432
1.48958	24.46886447
1.49128	24.54212454
1.49298	23.88278388
1.49468	23.88278388
1.49638	24.12698413
1.49808	23.88278388
1.49978	23.49206349
1.50148	23.71184371
1.50318	23.95604396
1.50488	23.2967033
1.50658	23.51648352
1.50828	23.15018315
1.50998	23.1013431
1.51168	23.02808303
1.51338	23.34554335
1.51508	23.41880342
1.51678	23.15018315
1.51848	22.75946276
1.52018	22.73504274
1.52188	22.68620269
1.52358	22.78388278
1.52528	22.27106227
1.52698	22.27106227
1.52868	22.71062271
1.53038	22.36874237
1.53208	22.17338217
1.53378	21.95360195
1.53548	21.95360195
1.53718	21.73382173
1.53888	21.78266178
1.54058	21.36752137
1.54228	21.26984127
1.54398	21.44078144
1.54568	20.9035409
1.54738	21.34310134
1.54908	21.44078144
1.55078	21.41636142
1.55248	21.07448107
1.55418	21.26984127
1.55588	20.92796093
1.55758	20.87912088
1.55928	20.68376068
1.56098	20.73260073
1.56268	20.53724054
1.56438	20.1953602
1.56608	20.43956044
1.56778	19.97557998
1.56948	20.39072039
1.57118	20.26862027
1.57288	20.1953602
1.57458	20.24420024
1.57628	20.07326007
1.57798	20.1953602
1.57968	19.38949939
1.58138	19.78021978
1.58308	19.48717949
1.58478	19.8046398
1.58648	19.70695971
1.58818	19.41391941
1.58988	19.48717949
1.59158	19.24297924
1.59328	19.04761905
1.59498	19.0964591
1.59668	19.41391941
1.59838	19.02319902
1.60008	18.55921856
1.60178	18.73015873
1.60348	18.85225885
1.60518	18.60805861
1.60688	18.26617827
1.60858	18.31501832
1.61028	18.68131868
1.61198	18.26617827
1.61368	18.46153846
1.61538	18.55921856
1.61708	18.36385836
1.61878	17.94871795
1.62048	18.16849817
1.62218	18.26617827
1.62388	18.04639805
1.62558	18.02197802
1.62728	18.02197802
1.62898	17.58241758
1.63068	17.97313797
1.63238	17.8021978
1.63408	17.97313797
1.63578	17.41147741
1.63748	17.33821734
1.63918	17.58241758
1.64088	17.16727717
1.64258	17.63125763
1.64428	16.92307692
1.64598	16.92307692
1.64768	16.92307692
1.64938	17.26495726
1.65108	17.33821734
1.65278	16.996337
1.65448	17.06959707
1.65618	16.75213675
1.65788	17.28937729
1.65958	16.7032967
1.66128	16.55677656
1.66298	16.8009768
1.66468	16.11721612
1.66638	16.43467643
1.66808	16.36141636
1.66978	16.67887668
1.67148	16.60561661
1.67318	16.45909646
1.67488	16.65445665
1.67658	16.50793651
1.67828	15.995116
1.67998	16.36141636
1.68168	15.97069597
1.68338	16.04395604
1.68508	15.75091575
1.68678	15.995116
1.68848	16.11721612
1.69018	16.21489621
1.69188	15.94627595
1.69358	16.28815629
1.69528	15.45787546
1.69698	15.82417582
1.69868	15.48229548
1.70038	15.14041514
1.70208	15.77533578
1.70378	15.28693529
1.70548	15.33577534
1.70718	15.45787546
1.70888	15.57997558
1.71058	15.65323565
1.71228	15.33577534
1.71398	15.09157509
1.71568	15.18925519
1.71738	15.28693529
1.71908	14.92063492
1.72078	15.01831502
1.72248	15.18925519
1.72418	14.96947497
1.72588	15.06715507
1.72758	15.01831502
1.72928	14.96947497
1.73098	14.84737485
1.73268	14.96947497
1.73438	14.77411477
1.73608	14.62759463
1.73778	15.28693529
1.73948	14.48107448
1.74118	14.23687424
1.74288	14.96947497
1.74458	14.7008547
1.74628	14.38339438
1.74798	14.33455433
1.74968	14.43223443
1.75138	14.09035409
1.75308	14.94505495
1.75478	14.21245421
1.75648	14.48107448
1.75818	14.38339438
1.75988	14.01709402
1.76158	13.87057387
1.76328	14.11477411
1.76498	14.18803419
1.76668	13.84615385
1.76838	13.72405372
1.77008	13.84615385
1.77178	14.28571429
1.77348	13.67521368
1.77518	14.04151404
1.77688	13.94383394
1.77858	13.7973138
1.78028	13.6019536
1.78198	13.84615385
1.78368	13.6019536
1.78538	13.67521368
1.78708	13.43101343
1.78878	13.52869353
1.79048	13.52869353
1.79218	13.28449328
1.79388	13.77289377
1.79558	13.11355311
1.79728	13.43101343
1.79898	13.35775336
1.80068	12.99145299
1.80238	13.23565324
1.80408	12.67399267
1.80578	12.89377289
1.80748	12.91819292
1.80918	13.23565324
1.81088	13.45543346
1.81258	12.82051282
1.81428	12.86935287
1.81598	12.57631258
1.81768	13.01587302
1.81938	12.64957265
1.82108	12.64957265
1.82278	12.6007326
1.82448	12.84493284
1.82618	12.40537241
1.82788	12.23443223
1.82958	12.5030525
1.83128	12.55189255
1.83298	12.47863248
1.83468	12.55189255
1.83638	12.35653236
1.83808	12.13675214
1.83978	12.16117216
1.84148	12.11233211
1.84318	12.13675214
1.84488	12.5030525
1.84658	12.18559219
1.84828	11.91697192
1.84998	12.42979243
1.85168	12.21001221
1.85338	12.35653236
1.85508	11.99023199
1.85678	11.64835165
1.85848	11.77045177
1.86018	12.06349206
1.86188	11.5018315
1.86358	11.5018315
1.86528	11.6971917
1.86698	11.37973138
1.86868	11.6971917
1.87038	12.21001221
1.87208	11.81929182
1.87378	11.55067155
1.87548	11.52625153
1.87718	11.42857143
1.87888	11.28205128
1.88058	11.55067155
1.88228	11.30647131
1.88398	11.25763126
1.88568	11.30647131
1.88738	11.33089133
1.88908	11.25763126
1.89078	11.28205128
1.89248	11.72161172
1.89418	11.5018315
1.89588	10.91575092
1.89758	10.86691087
1.89928	10.96459096
1.90098	10.47619048
1.90268	10.96459096
1.90438	11.06227106
1.90608	10.79365079
1.90778	10.4029304
1.90948	10.94017094
1.91118	10.81807082
1.91288	10.79365079
1.91458	10.47619048
1.91628	10.03663004
1.91798	10.67155067
1.91968	10.5982906
1.92138	10.37851038
1.92308	10.79365079
1.92478	10.57387057
1.92648	10.32967033
1.92818	10.13431013
1.92988	10.67155067
1.93158	10.98901099
1.93328	10.15873016
1.93498	10.03663004
1.93668	10.28083028
1.93838	10.03663004
1.94008	9.792429792
1.94178	9.719169719
1.94348	9.768009768
1.94518	10.08547009
1.94688	10.08547009
1.94858	10.06105006
1.95028	10.37851038
1.95198	10.01221001
1.95368	9.597069597
1.95538	9.426129426
1.95708	9.401709402
1.95878	9.865689866
1.96048	9.304029304
1.96218	9.768009768
1.96388	9.572649573
1.96558	9.499389499
1.96728	9.27960928
1.96898	9.401709402
1.97068	9.230769231
1.97238	9.352869353
1.97408	8.937728938
1.97578	8.864468864
1.97748	9.084249084
1.97918	9.084249084
1.98088	9.230769231
1.98258	9.181929182
1.98428	8.962148962
1.98598	8.888888889
1.98768	8.669108669
1.98938	9.084249084
1.99108	8.742368742
1.99278	9.05982906
1.99448	8.864468864
1.99618	8.815628816
1.99788	8.84004884
1.99958	8.595848596
2.00128	8.766788767
2.00298	8.669108669
2.00468	8.4004884
2.00638	8.473748474
2.00808	8.00976801
2.00978	8.62026862
2.01148	8.522588523
2.01318	8.62026862
2.01488	8.22954823
2.01658	8.351648352
2.01828	8.302808303
2.01998	8.034188034
2.02168	7.960927961
2.02338	7.814407814
2.02508	8.107448107
2.02678	7.960927961
2.02848	7.912087912
2.03018	8.00976801
2.03188	7.960927961
2.03358	7.838827839
2.03528	7.741147741
2.03698	7.594627595
2.03868	7.814407814
2.04038	7.838827839
2.04208	7.863247863
2.04378	7.496947497
2.04548	7.765567766
2.04718	7.741147741
2.04888	7.594627595
2.05058	7.496947497
2.05228	7.863247863
2.05398	7.448107448
2.05568	7.301587302
2.05738	7.057387057
2.05908	7.326007326
2.06078	7.326007326
2.06248	7.008547009
2.06418	7.252747253
2.06588	7.326007326
2.06758	7.130647131
2.06928	7.106227106
2.07098	6.95970696
2.07268	7.155067155
2.07438	7.179487179
2.07608	6.886446886
2.07778	7.130647131
2.07948	6.95970696
2.08118	6.544566545
2.08288	6.593406593
2.08458	7.081807082
2.08628	6.446886447
2.08798	6.715506716
2.08968	6.544566545
2.09138	6.593406593
2.09308	6.642246642
2.09478	6.349206349
2.09648	6.373626374
2.09818	6.349206349
2.09988	6.3003663
2.10158	6.251526252
2.10328	6.349206349
2.10498	6.910866911
2.10668	6.056166056
2.10838	6.105006105
2.11008	6.080586081
2.11178	6.398046398
2.11348	6.031746032
2.11518	6.007326007
2.11688	5.982905983
2.11858	5.860805861
2.12028	5.934065934
2.12198	5.836385836
2.12368	5.860805861
2.12538	6.178266178
2.12708	5.47008547
2.12878	6.007326007
2.13048	5.567765568
2.13218	5.860805861
2.13388	5.616605617
2.13558	5.543345543
2.13728	5.787545788
2.13898	5.543345543
2.14068	5.372405372
2.14238	5.128205128
2.14408	5.567765568
2.14578	5.811965812
2.14748	5.177045177
2.14918	5.347985348
2.15088	5.494505495
2.15258	5.396825397
2.15428	5.299145299
2.15598	5.152625153
2.15768	4.908424908
2.15938	5.323565324
2.16108	5.128205128
2.16278	5.25030525
2.16448	5.054945055
2.16618	5.274725275
2.16788	5.006105006
2.16958	5.152625153
2.17128	4.957264957
2.17298	4.884004884
2.17468	4.908424908
2.17638	4.63980464
2.17808	4.688644689
2.17978	4.517704518
2.18148	4.542124542
2.18318	4.810744811
2.18488	5.006105006
2.18658	5.177045177
2.18828	4.810744811
2.18998	4.590964591
2.19168	4.590964591
2.19338	4.908424908
2.19508	4.151404151
2.19678	4.322344322
2.19848	4.590964591
2.20018	4.468864469
2.20188	4.346764347
2.20358	4.151404151
2.20528	4.42002442
2.20698	4.102564103
2.20868	4.395604396
2.21038	4.151404151
2.21208	4.444444444
2.21378	4.078144078
2.21548	3.98046398
2.21718	3.907203907
2.21888	3.833943834
2.22058	4.004884005
2.22228	3.833943834
2.22398	4.42002442
2.22568	4.175824176
2.22738	4.126984127
2.22908	4.224664225
2.23078	3.931623932
2.23248	4.249084249
2.23418	3.540903541
2.23588	3.492063492
2.23758	3.833943834
2.23928	3.58974359
2.24098	3.394383394
2.24268	3.687423687
2.24438	3.663003663
2.24608	3.931623932
2.24778	3.638583639
2.24948	3.418803419
2.25118	3.516483516
2.25288	3.565323565
2.25458	3.199023199
2.25628	3.052503053
2.25798	3.492063492
2.25968	3.36996337
2.26138	3.199023199
2.26308	3.15018315
2.26478	3.247863248
2.26648	3.223443223
2.26818	3.052503053
2.26988	3.125763126
2.27158	3.174603175
2.27328	3.003663004
2.27498	2.808302808
2.27668	2.710622711
2.27838	2.954822955
2.28008	3.003663004
2.28178	3.076923077
2.28348	3.125763126
2.28518	3.052503053
2.28688	2.979242979
2.28858	3.223443223
2.29028	3.028083028
2.29198	2.735042735
2.29368	2.759462759
2.29538	2.783882784
2.29708	2.612942613
2.29878	2.637362637
2.30048	2.979242979
2.30218	2.759462759
2.30388	2.686202686
2.30558	2.954822955
2.30728	2.735042735
2.30898	2.637362637
2.31068	2.588522589
2.31238	2.295482295
2.31408	2.31990232
2.31578	2.075702076
2.31748	2.31990232
2.31918	2.661782662
2.32088	2.661782662
2.32258	2.026862027
2.32428	2.612942613
2.32598	2.368742369
2.32768	2.246642247
2.32938	2.173382173
2.33108	2.515262515
2.33278	2.393162393
2.33448	2.051282051
2.33618	2.1001221
2.33788	1.904761905
2.33958	1.978021978
2.34128	1.953601954
2.34298	2.246642247
2.34468	2.1001221
2.34638	2.026862027
2.34808	1.636141636
2.34978	2.197802198
2.35148	1.978021978
2.35318	2.173382173
2.35488	1.831501832
2.35658	1.831501832
2.35828	2.271062271
2.35998	1.758241758
2.36168	1.807081807
2.36338	1.904761905
2.36508	1.88034188
2.36678	2.002442002
2.36848	1.88034188
2.37018	1.831501832
2.37188	1.562881563
2.37358	1.416361416
2.37528	1.782661783
2.37698	1.367521368
2.37868	1.294261294
2.38038	1.611721612
2.38208	1.538461538
2.38378	1.26984127
2.38548	1.636141636
2.38718	1.929181929
2.38888	1.684981685
2.39058	1.196581197
2.39228	1.684981685
2.39398	1.343101343
2.39568	1.26984127
2.39738	1.221001221
2.39908	1.48962149
2.40078	1.440781441
2.40248	1.294261294
2.40418	1.587301587
2.40588	1.782661783
2.40758	1.514041514
2.40928	1.294261294
2.41098	1.343101343
2.41268	1.465201465
2.41438	1.147741148
2.41608	0.8547008547
2.41778	0.8547008547
2.41948	1.172161172
2.42118	1.098901099
2.42288	1.196581197
2.42458	1.440781441
2.42628	1.221001221
2.42798	1.294261294
2.42968	0.7814407814
2.43138	0.8547008547
2.43308	0.9768009768
2.43478	0.8058608059
2.43648	1.123321123
2.43818	0.7814407814
2.43988	1.098901099
2.44158	1.074481074
2.44328	0.4395604396
2.44498	1.098901099
2.44668	1.001221001
2.44838	1.098901099
2.45008	1.001221001
2.45178	0.757020757
2.45348	0.7326007326
2.45518	0.5860805861
2.45688	0.6349206349
2.45858	0.5616605617
2.46028	0.8302808303
2.46198	0.9768009768
2.46368	0.4884004884
2.46538	0.6105006105
2.46708	0.4151404151
2.46878	0.3174603175
2.47048	0.4884004884
2.47218	0.6349206349
2.47388	0.4151404151
2.47558	0.6349206349
2.47728	0.07326007326
2.47898	0.5616605617
2.48068	0.6349206349
2.48238	0.6837606838
2.48408	0.5372405372
2.48578	0.8302808303
2.48748	0.3174603175
2.48918	0.2442002442
2.49088	0.1221001221
2.49258	0.5616605617
2.49428	0.2197802198
2.49598	0.1953601954
2.49768	0.5372405372
2.49938	0.6349206349
2.50108	0.3174603175
2.50278	0.4884004884
2.50448	0.4151404151
2.50618	0.3174603175
2.50788	0.463980464
2.50958	0.1953601954
2.51128	0.4151404151
2.51298	0.09768009768
2.51468	0.3418803419
2.51638	0.6349206349
2.51808	0.2442002442
2.51978	0.5860805861
2.52148	0.2686202686
2.52318	0.5128205128
2.52488	0.293040293
2.52658	0.2442002442
2.52828	0.3174603175
2.52998	0.6105006105
2.53168	0.5128205128
2.53338	0.293040293
2.53508	0.7081807082
2.53678	0.2442002442
2.53848	0.5860805861
2.54018	0.4395604396
2.54188	0.4395604396
2.54358	0.3907203907
2.54528	0.1709401709
2.54698	0.3418803419
2.54868	0.463980464
2.55038	0.757020757
2.55208	0.4884004884
2.55378	0.9035409035
2.55548	0.8302808303
2.55718	0.6593406593
2.55888	0.5616605617
2.56058	0.927960928
2.56228	0.4395604396
2.56398	0.7081807082
2.56568	0.5616605617
2.56738	0.7081807082
2.56908	0.5616605617
2.57078	0.8547008547
2.57248	0.6349206349
2.57418	0.9523809524
2.57588	0.7814407814
2.57758	0.5860805861
2.57928	0.8791208791
2.58098	0.7326007326
2.58268	0.7326007326
2.58438	0.7326007326
2.58608	0.8058608059
2.58778	0.9035409035
2.58948	1.172161172
2.59118	0.927960928
2.59288	0.9523809524
2.59458	1.098901099
2.59628	1.147741148
2.59798	1.001221001
2.59968	1.221001221
2.60138	1.221001221
2.60308	1.465201465
2.60478	1.147741148
2.60648	0.7081807082
2.60818	1.196581197
2.60988	1.294261294
2.61158	1.196581197
2.61328	1.098901099
2.61498	1.196581197
2.61668	1.343101343
2.61838	1.416361416
2.62008	1.26984127
2.62178	1.245421245
2.62348	1.391941392
2.62518	1.26984127
2.62688	1.587301587
2.62858	1.074481074
2.63028	1.562881563
2.63198	1.587301587
2.63368	1.172161172
2.63538	1.929181929
2.63708	1.514041514
2.63878	1.221001221
2.64048	1.684981685
2.64218	1.440781441
2.64388	1.367521368
2.64558	1.538461538
2.64728	1.440781441
2.64898	1.343101343
2.65068	1.782661783
2.65238	1.636141636
2.65408	2.002442002
2.65578	1.88034188
2.65748	1.758241758
2.65918	1.929181929
2.66088	1.26984127
2.66258	1.538461538
2.66428	1.684981685
2.66598	1.440781441
2.66768	1.709401709
2.66938	1.416361416
2.67108	2.148962149
2.67278	2.002442002
2.67448	1.807081807
2.67618	1.978021978
2.67788	1.758241758
2.67958	1.782661783
2.68128	1.807081807
2.68298	2.246642247
2.68468	2.002442002
2.68638	1.929181929
2.68808	1.684981685
2.68978	1.929181929
2.69148	2.124542125
2.69318	1.782661783
2.69488	2.344322344
2.69658	2.466422466
2.69828	2.075702076
2.69998	2.075702076
2.70168	1.782661783
2.70338	2.295482295
2.70508	2.246642247
2.70678	2.124542125
2.70848	2.246642247
2.71018	2.295482295
2.71188	2.466422466
2.71358	2.344322344
2.71528	2.442002442
2.71698	2.368742369
2.71868	2.368742369
2.72038	2.173382173
2.72208	2.31990232
2.72378	2.271062271
2.72548	2.246642247
2.72718	2.344322344
2.72888	2.417582418
2.73058	2.612942613
2.73228	2.857142857
2.73398	2.246642247
2.73568	2.954822955
2.73738	2.832722833
2.73908	2.31990232
2.74078	2.466422466
2.74248	2.442002442
2.74418	2.564102564
2.74588	2.564102564
2.74758	2.466422466
2.74928	2.417582418
2.75098	2.881562882
2.75268	2.686202686
2.75438	2.832722833
2.75608	2.710622711
2.75778	2.881562882
2.75948	2.53968254
2.76118	2.735042735
2.76288	2.368742369
2.76458	2.222222222
2.76628	2.686202686
2.76798	2.686202686
2.76968	2.93040293
2.77138	2.979242979
2.77308	3.052503053
2.77478	2.661782662
2.77648	2.857142857
2.77818	3.028083028
2.77988	2.783882784
2.78158	3.15018315
2.78328	3.394383394
2.78498	2.759462759
2.78668	3.052503053
2.78838	2.881562882
2.79008	3.199023199
2.79178	3.028083028
2.79348	2.93040293
2.79518	3.345543346
2.79688	2.905982906
2.79858	3.345543346
2.80028	3.028083028
2.80198	3.052503053
2.80368	2.881562882
2.80538	3.174603175
2.80708	3.076923077
2.80878	3.028083028
2.81048	3.272283272
2.81218	3.247863248
2.81388	3.296703297
2.81558	3.101343101
2.81728	3.394383394
2.81898	3.516483516
2.82068	3.15018315
2.82238	3.36996337
2.82408	3.223443223
2.82578	3.272283272
2.82748	3.125763126
2.82918	3.443223443
2.83088	3.272283272
2.83258	3.345543346
2.83428	3.565323565
2.83598	3.833943834
2.83768	3.296703297
2.83938	3.199023199
2.84108	3.223443223
2.84278	3.58974359
2.84448	3.028083028
2.84618	3.296703297
2.84788	3.272283272
2.84958	3.540903541
2.85128	3.931623932
2.85298	3.492063492
2.85468	3.638583639
2.85638	3.321123321
2.85808	3.540903541
2.85978	3.296703297
2.86148	3.36996337
2.86318	3.760683761
2.86488	3.15018315
2.86658	3.711843712
2.86828	3.345543346
2.86998	4.004884005
2.87168	3.931623932
2.87338	3.711843712
2.87508	3.80952381
2.87678	3.516483516
2.87848	3.736263736
2.88018	3.492063492
2.88188	3.345543346
2.88358	3.540903541
2.88528	3.80952381
2.88698	3.663003663
2.88868	3.760683761
2.89038	4.029304029
2.89208	3.443223443
2.89378	3.858363858
2.89548	3.736263736
2.89718	3.785103785
2.89888	3.687423687
2.90058	3.80952381
2.90228	3.736263736
2.90398	3.565323565
2.90568	3.833943834
2.90738	3.711843712
2.90908	3.58974359
2.91078	4.053724054
2.91248	3.833943834
2.91418	4.395604396
2.91588	3.736263736
2.91758	4.175824176
2.91928	3.516483516
2.92098	3.760683761
2.92268	3.492063492
2.92438	3.956043956
2.92608	3.785103785
2.92778	3.638583639
2.92948	4.004884005
2.93118	4.029304029
2.93288	3.785103785
2.93458	4.078144078
2.93628	4.053724054
2.93798	4.2002442
2.93968	4.029304029
2.94138	4.078144078
2.94308	3.833943834
2.94478	4.2002442
2.94648	3.956043956
2.94818	4.175824176
2.94988	4.078144078
2.95158	3.956043956
2.95328	4.078144078
2.95498	4.029304029
2.95668	3.833943834
2.95838	4.249084249
2.96008	3.833943834
2.96178	4.004884005
2.96348	3.882783883
2.96518	4.029304029
2.96688	4.126984127
2.96858	3.785103785
2.97028	4.2002442
2.97198	4.078144078
2.97368	4.102564103
2.97538	4.175824176
2.97708	4.395604396
2.97878	3.833943834
2.98048	4.029304029
2.98218	4.029304029
2.98388	4.126984127
2.98558	4.346764347
2.98728	3.858363858
2.98898	4.688644689
2.99068	4.884004884
2.99238	4.249084249
2.99408	4.249084249
2.99578	3.882783883
2.99748	4.175824176
2.99918	4.517704518
3.00088	4.224664225
3.00258	4.029304029
3.00428	4.249084249
3.00598	4.322344322
3.00768	4.004884005
3.00938	4.371184371
3.01108	4.542124542
3.01278	4.297924298
3.01448	4.444444444
3.01618	4.322344322
3.01788	4.102564103
3.01958	4.126984127
3.02128	4.126984127
3.02298	4.517704518
3.02468	4.63980464
3.02638	4.493284493
3.02808	3.98046398
3.02978	4.517704518
3.03148	4.126984127
3.03318	4.2002442
3.03488	4.224664225
3.03658	4.126984127
3.03828	4.737484737
3.03998	4.078144078
3.04168	4.126984127
3.04338	4.713064713
3.04508	4.078144078
3.04678	4.249084249
3.04848	3.931623932
3.05018	4.493284493
3.05188	4.322344322
3.05358	4.224664225
3.05528	4.688644689
3.05698	4.468864469
3.05868	4.297924298
3.06038	4.615384615
3.06208	4.346764347
3.06378	4.615384615
3.06548	4.493284493
3.06718	4.713064713
3.06888	4.346764347
3.07058	4.42002442
3.07228	4.468864469
3.07398	4.761904762
3.07568	4.2002442
3.07738	4.493284493
3.07908	4.371184371
3.08078	4.615384615
3.08248	4.078144078
3.08418	4.322344322
3.08588	4.42002442
3.08758	4.346764347
3.08928	4.42002442
3.09098	4.468864469
3.09268	4.737484737
3.09438	4.42002442
3.09608	4.664224664
3.09778	4.2002442
3.09948	4.322344322
3.10118	4.395604396
3.10288	4.078144078
3.10458	4.151404151
3.10628	4.297924298
3.10798	4.004884005
3.10968	4.542124542
3.11138	4.981684982
3.11308	4.517704518
3.11478	4.42002442
3.11648	4.346764347
3.11818	4.346764347
3.11988	4.151404151
3.12158	3.98046398
3.12328	4.346764347
3.12498	4.493284493
3.12668	4.590964591
3.12838	4.468864469
3.13008	4.786324786
3.13178	4.932844933
3.13348	4.786324786
3.13518	4.737484737
3.13688	4.42002442
3.13858	4.346764347
3.14028	4.151404151
3.14198	4.346764347
3.14368	4.517704518
3.14538	4.590964591
3.14708	4.493284493
3.14878	4.102564103
3.15048	4.517704518
3.15218	4.566544567
3.15388	4.346764347
3.15558	4.42002442
3.15728	4.42002442
3.15898	4.151404151
3.16068	3.614163614
3.16238	4.175824176
3.16408	4.371184371
3.16578	4.444444444
3.16748	4.590964591
3.16918	4.566544567
3.17088	4.615384615
3.17258	4.63980464
3.17428	4.493284493
3.17598	4.517704518
3.17768	4.297924298
3.17938	4.273504274
3.18108	4.346764347
3.18278	4.590964591
3.18448	4.566544567
3.18618	4.42002442
3.18788	4.249084249
3.18958	4.590964591
3.19128	4.542124542
3.19298	4.542124542
3.19468	4.63980464
3.19638	4.224664225
3.19808	4.346764347
3.19978	4.126984127
3.20148	4.42002442
3.20318	4.175824176
3.20488	4.713064713
3.20658	4.542124542
3.20828	4.713064713
3.20998	4.322344322
3.21168	4.346764347
3.21338	4.371184371
3.21508	4.297924298
3.21678	4.371184371
3.21848	4.590964591
3.22018	4.371184371
3.22188	4.63980464
3.22358	4.395604396
3.22528	4.468864469
3.22698	4.273504274
3.22868	4.249084249
3.23038	4.444444444
3.23208	4.444444444
3.23378	4.444444444
3.23548	4.273504274
3.23718	4.517704518
3.23888	4.126984127
3.24058	4.346764347
3.24228	4.322344322
3.24398	4.517704518
3.24568	4.664224664
3.24738	4.249084249
3.24908	4.297924298
3.25078	4.224664225
3.25248	4.273504274
3.25418	4.371184371
3.25588	4.493284493
3.25758	4.078144078
3.25928	4.493284493
3.26098	4.151404151
3.26268	4.273504274
3.26438	4.444444444
3.26608	4.322344322
3.26778	4.175824176
3.26948	4.322344322
3.27118	4.126984127
3.27288	4.2002442
3.27458	4.126984127
3.27628	4.322344322
3.27798	4.590964591
3.27968	4.151404151
3.28138	4.2002442
3.28308	4.004884005
3.28478	4.297924298
3.28648	4.371184371
3.28818	4.151404151
3.28988	4.810744811
3.29158	4.835164835
3.29328	4.395604396
3.29498	4.249084249
3.29668	4.126984127
3.29838	4.468864469
3.30008	3.882783883
3.30178	4.273504274
3.30348	4.371184371
3.30518	4.566544567
3.30688	4.517704518
3.30858	4.273504274
3.31028	4.322344322
3.31198	4.249084249
3.31368	4.566544567
3.31538	4.175824176
3.31708	4.468864469
3.31878	4.42002442
3.32048	4.102564103
3.32218	4.078144078
3.32388	3.98046398
3.32558	4.322344322
3.32728	4.053724054
3.32898	4.151404151
3.33068	4.224664225
3.33238	4.249084249
3.33408	4.2002442
3.33578	4.053724054
3.33748	4.322344322
3.33918	4.224664225
3.34088	4.224664225
3.34258	4.151404151
3.34428	4.175824176
3.34598	4.224664225
3.34768	4.126984127
3.34938	4.224664225
3.35108	4.175824176
3.35278	4.444444444
3.35448	3.833943834
3.35618	3.931623932
3.35788	4.468864469
3.35958	4.175824176
3.36128	4.151404151
3.36298	3.98046398
3.36468	4.297924298
3.36638	4.371184371
3.36808	4.493284493
3.36978	4.395604396
3.37148	4.175824176
3.37318	4.102564103
3.37488	3.907203907
3.37658	3.907203907
3.37828	4.297924298
3.37998	3.736263736
3.38168	4.029304029
3.38338	3.565323565
3.38508	4.371184371
3.38678	3.98046398
3.38848	3.931623932
3.39018	4.371184371
3.39188	3.858363858
3.39358	3.882783883
3.39528	3.833943834
3.39698	3.80952381
3.39868	3.736263736
3.40038	3.711843712
3.40208	3.736263736
3.40378	3.882783883
3.40548	4.053724054
3.40718	4.102564103
3.40888	3.882783883
3.41058	4.322344322
3.41228	3.833943834
3.41398	3.760683761
3.41568	4.126984127
3.41738	4.126984127
3.41908	4.053724054
3.42078	3.882783883
3.42248	3.443223443
3.42418	4.029304029
3.42588	4.395604396
3.42758	3.80952381
3.42928	3.785103785
3.43098	3.931623932
3.43268	3.931623932
3.43438	3.858363858
3.43608	4.102564103
3.43778	4.102564103
3.43948	3.858363858
3.44118	4.004884005
3.44288	3.663003663
3.44458	4.053724054
3.44628	3.687423687
3.44798	3.565323565
3.44968	4.151404151
3.45138	4.004884005
3.45308	4.004884005
3.45478	4.029304029
3.45648	3.492063492
3.45818	3.760683761
3.45988	3.736263736
3.46158	3.687423687
3.46328	4.004884005
3.46498	3.882783883
3.46668	3.711843712
3.46838	3.931623932
3.47008	4.273504274
3.47178	3.833943834
3.47348	4.2002442
3.47518	3.443223443
3.47688	3.882783883
3.47858	3.760683761
3.48028	4.029304029
3.48198	3.663003663
3.48368	3.882783883
3.48538	4.2002442
3.48708	4.004884005
3.48878	4.151404151
3.49048	3.638583639
3.49218	4.126984127
3.49388	3.638583639
3.49558	3.882783883
3.49728	4.078144078
3.49898	3.663003663
3.50068	3.614163614
3.50238	3.663003663
3.50408	4.029304029
3.50578	3.833943834
3.50748	3.663003663
3.50918	3.931623932
3.51088	3.540903541
3.51258	4.078144078
3.51428	3.687423687
3.51598	3.296703297
3.51768	3.711843712
3.51938	3.687423687
3.52108	3.833943834
3.52278	3.565323565
3.52448	3.931623932
3.52618	3.98046398
3.52788	3.711843712
3.52958	3.98046398
3.53128	3.858363858
3.53298	4.126984127
3.53468	3.540903541
3.53638	3.785103785
3.53808	3.956043956
3.53978	4.126984127
3.54148	3.663003663
3.54318	3.663003663
3.54488	3.638583639
3.54658	3.516483516
3.54828	3.833943834
3.54998	4.102564103
3.55168	3.760683761
3.55338	3.858363858
3.55508	3.80952381
3.55678	3.540903541
3.55848	3.711843712
3.56018	3.907203907
3.56188	3.58974359
3.56358	3.736263736
3.56528	3.833943834
3.56698	3.58974359
3.56868	3.58974359
3.57038	3.247863248
3.57208	3.858363858
3.57378	3.394383394
3.57548	3.467643468
3.57718	3.614163614
3.57888	3.760683761
3.58058	3.076923077
3.58228	3.785103785
3.58398	3.687423687
3.58568	3.98046398
3.58738	3.931623932
3.58908	3.58974359
3.59078	3.443223443
3.59248	3.882783883
3.59418	3.467643468
3.59588	3.467643468
3.59758	3.443223443
3.59928	3.638583639
3.60098	3.80952381
3.60268	3.492063492
3.60438	3.858363858
3.60608	3.858363858
3.60778	3.516483516
3.60948	3.492063492
3.61118	3.223443223
3.61288	3.98046398
3.61458	3.492063492
3.61628	3.321123321
3.61798	3.467643468
3.61968	3.711843712
3.62138	3.443223443
3.62308	3.296703297
3.62478	4.004884005
3.62648	3.882783883
3.62818	3.736263736
3.62988	3.614163614
3.63158	3.760683761
3.63328	4.029304029
3.63498	3.565323565
3.63668	3.272283272
3.63838	3.443223443
3.64008	3.492063492
3.64178	3.516483516
3.64348	3.663003663
3.64518	3.760683761
3.64688	3.467643468
3.64858	3.80952381
3.65028	3.711843712
3.65198	3.540903541
3.65368	3.663003663
3.65538	2.881562882
3.65708	3.247863248
3.65878	3.418803419
3.66048	3.80952381
3.66218	3.296703297
3.66388	3.199023199
3.66558	3.443223443
3.66728	3.58974359
3.66898	3.687423687
3.67068	3.80952381
3.67238	3.711843712
3.67408	3.418803419
3.67578	3.492063492
3.67748	3.687423687
3.67918	3.467643468
3.68088	3.492063492
3.68258	3.687423687
3.68428	3.80952381
3.68598	3.614163614
3.68768	3.638583639
3.68938	3.321123321
3.69108	3.321123321
3.69278	3.467643468
3.69448	3.125763126
3.69618	3.247863248
3.69788	3.516483516
3.69958	3.36996337
3.70128	3.125763126
3.70298	3.247863248
3.70468	3.394383394
3.70638	3.785103785
3.70808	3.174603175
3.70978	3.321123321
3.71148	3.223443223
3.71318	3.614163614
3.71488	3.565323565
3.71658	3.247863248
3.71828	3.052503053
3.71998	3.443223443
3.72168	3.418803419
3.72338	3.052503053
3.72508	3.394383394
3.72678	3.174603175
3.72848	3.516483516
3.73018	3.247863248
3.73188	3.36996337
3.73358	3.492063492
3.73528	3.101343101
3.73698	2.979242979
3.73868	3.199023199
3.74038	3.638583639
3.74208	3.15018315
3.74378	3.467643468
3.74548	3.394383394
3.74718	3.418803419
3.74888	3.125763126
3.75058	3.125763126
3.75228	3.052503053
3.75398	3.003663004
3.75568	3.223443223
3.75738	3.125763126
3.75908	3.125763126
3.76078	3.15018315
3.76248	3.199023199
3.76418	3.272283272
3.76588	3.36996337
3.76758	3.321123321
3.76928	3.321123321
3.77098	3.296703297
3.77268	3.272283272
3.77438	2.881562882
3.77608	3.345543346
3.77778	3.199023199
3.77948	2.783882784
3.78118	2.93040293
3.78288	2.686202686
3.78458	3.833943834
3.78628	3.492063492
3.78798	3.125763126
3.78968	3.003663004
3.79138	3.223443223
3.79308	3.418803419
3.79478	2.905982906
3.79648	2.808302808
3.79818	3.321123321
3.79988	3.394383394
3.80158	3.272283272
3.80328	2.612942613
3.80498	3.247863248
3.80668	3.199023199
3.80838	3.028083028
3.81008	3.028083028
3.81178	2.881562882
3.81348	3.345543346
3.81518	3.003663004
3.81688	2.954822955
3.81858	2.735042735
3.82028	3.125763126
3.82198	3.125763126
3.82368	3.174603175
3.82538	3.052503053
3.82708	2.881562882
3.82878	2.954822955
3.83048	2.515262515
3.83218	3.003663004
3.83388	2.759462759
3.83558	3.003663004
3.83728	3.492063492
3.83898	2.735042735
3.84068	3.15018315
3.84238	2.832722833
3.84408	2.881562882
3.84578	3.174603175
3.84748	2.832722833
3.84918	2.710622711
3.85088	2.710622711
3.85258	3.345543346
3.85428	2.857142857
3.85598	2.442002442
3.85768	2.735042735
3.85938	2.808302808
3.86108	2.686202686
3.86278	2.783882784
3.86448	2.93040293
3.86618	2.93040293
3.86788	3.223443223
3.86958	3.272283272
3.87128	2.710622711
3.87298	2.857142857
3.87468	2.173382173
3.87638	2.466422466
3.87808	2.53968254
3.87978	2.588522589
3.88148	3.101343101
3.88318	2.881562882
3.88488	2.686202686
3.88658	2.93040293
3.88828	2.759462759
3.88998	2.490842491
3.89168	2.735042735
3.89338	2.393162393
3.89508	2.612942613
3.89678	2.735042735
3.89848	2.735042735
3.90018	2.710622711
3.90188	2.759462759
3.90358	2.783882784
3.90528	2.53968254
3.90698	2.783882784
3.90868	2.637362637
3.91038	2.515262515
3.91208	2.832722833
3.91378	2.686202686
3.91548	2.295482295
3.91718	2.735042735
3.91888	2.661782662
3.92058	2.637362637
3.92228	2.53968254
3.92398	2.612942613
3.92568	2.588522589
3.92738	2.710622711
3.92908	2.735042735
3.93078	2.466422466
3.93248	2.905982906
3.93418	2.173382173
3.93588	2.417582418
3.93758	2.735042735
3.93928	2.588522589
3.94098	2.881562882
3.94268	2.051282051
3.94438	2.442002442
3.94608	2.344322344
3.94778	2.588522589
3.94948	1.978021978
3.95118	2.612942613
3.95288	2.31990232
3.95458	2.490842491
3.95628	2.588522589
3.95798	2.466422466
3.95968	2.246642247
3.96138	2.612942613
3.96308	2.344322344
3.96478	2.735042735
3.96648	2.661782662
3.96818	2.197802198
3.96988	2.271062271
3.97158	2.026862027
3.97328	2.295482295
3.97498	2.148962149
3.97668	2.515262515
3.97838	2.271062271
3.98008	2.295482295
3.98178	2.368742369
3.98348	2.271062271
3.98518	2.612942613
3.98688	2.442002442
3.98858	2.246642247
3.99028	2.026862027
3.99198	2.31990232
3.99368	2.490842491
3.99538	2.295482295
3.99708	2.344322344
3.99878	2.295482295
4.00048	2.393162393
4.00218	2.393162393
4.00388	2.002442002
4.00558	1.953601954
4.00728	2.173382173
4.00898	1.88034188
4.01068	1.978021978
4.01238	1.88034188
4.01408	1.978021978
4.01578	1.88034188
4.01748	2.368742369
4.01918	1.978021978
4.02088	2.197802198
4.02258	1.953601954
4.02428	1.807081807
4.02598	2.197802198
4.02768	2.197802198
4.02938	1.758241758
4.03108	2.124542125
4.03278	2.124542125
4.03448	1.855921856
4.03618	1.831501832
4.03788	1.807081807
4.03958	1.953601954
4.04128	2.002442002
4.04298	1.611721612
4.04468	2.368742369
4.04638	2.148962149
4.04808	1.978021978
4.04978	2.002442002
4.05148	1.514041514
4.05318	1.709401709
4.05488	2.197802198
4.05658	2.051282051
4.05828	1.440781441
4.05998	1.782661783
4.06168	1.978021978
4.06338	2.026862027
4.06508	1.831501832
4.06678	1.904761905
4.06848	2.148962149
4.07018	1.831501832
4.07188	1.831501832
4.07358	1.782661783
4.07528	1.465201465
4.07698	1.733821734
4.07868	1.904761905
4.08038	1.953601954
4.08208	1.636141636
4.08378	1.660561661
4.08548	1.611721612
4.08718	2.222222222
4.08888	1.831501832
4.09058	1.733821734
4.09228	1.709401709
4.09398	1.514041514
4.09568	1.709401709
4.09738	1.440781441
4.09908	1.831501832
4.10078	1.587301587
4.10248	1.611721612
4.10418	1.855921856
4.10588	1.807081807
4.10758	2.1001221
4.10928	1.562881563
4.11098	1.514041514
4.11268	1.660561661
4.11438	1.733821734
4.11608	1.587301587
4.11778	1.636141636
4.11948	1.855921856
4.12118	1.88034188
4.12288	1.978021978
4.12458	1.733821734
4.12628	1.709401709
4.12798	1.733821734
4.12968	1.807081807
4.13138	1.48962149
4.13308	1.318681319
4.13478	1.514041514
4.13648	1.318681319
4.13818	1.416361416
4.13988	1.929181929
4.14158	1.733821734
4.14328	1.465201465
4.14498	1.245421245
4.14668	1.367521368
4.14838	1.416361416
4.15008	1.196581197
4.15178	1.367521368
4.15348	1.684981685
4.15518	1.538461538
4.15688	1.391941392
4.15858	1.514041514
4.16028	1.733821734
4.16198	1.465201465
4.16368	1.514041514
4.16538	1.465201465
4.16708	1.514041514
4.16878	1.611721612
4.17048	1.440781441
4.17218	1.465201465
4.17388	1.294261294
4.17558	1.465201465
4.17728	1.05006105
4.17898	1.26984127
4.18068	1.562881563
4.18238	1.465201465
4.18408	1.05006105
4.18578	1.465201465
4.18748	1.391941392
4.18918	1.26984127
4.19088	1.294261294
4.19258	1.416361416
4.19428	1.196581197
4.19598	1.391941392
4.19768	1.123321123
4.19938	1.660561661
4.20108	1.562881563
4.20278	1.025641026
4.20448	1.294261294
4.20618	1.367521368
4.20788	0.9768009768
4.20958	0.9035409035
4.21128	0.9035409035
4.21298	0.927960928
4.21468	1.196581197
4.21638	0.9035409035
4.21808	1.587301587
4.21978	1.221001221
4.22148	1.391941392
4.22318	1.48962149
4.22488	0.9523809524
4.22658	1.343101343
4.22828	1.318681319
4.22998	0.8302808303
4.23168	1.343101343
4.23338	1.416361416
4.23508	0.9523809524
4.23678	1.221001221
4.23848	0.9035409035
4.24018	1.245421245
4.24188	1.318681319
4.24358	1.294261294
4.24528	1.196581197
4.24698	0.9768009768
4.24868	1.196581197
4.25038	0.6593406593
4.25208	1.294261294
4.25378	1.074481074
4.25548	1.172161172
4.25718	0.9768009768
4.25888	1.05006105
4.26058	0.9523809524
4.26228	1.221001221
4.26398	1.343101343
4.26568	1.172161172
4.26738	1.221001221
4.26908	0.9035409035
4.27078	1.074481074
4.27248	0.6593406593
4.27418	1.074481074
4.27588	1.416361416
4.27758	0.7814407814
4.27928	1.416361416
4.28098	1.074481074
4.28268	1.221001221
4.28438	0.8302808303
4.28608	1.05006105
4.28778	1.147741148
4.28948	0.927960928
4.29118	0.9768009768
4.29288	1.001221001
4.29458	0.7326007326
4.29628	0.9035409035
4.29798	0.757020757
4.29968	1.440781441
4.30138	0.9768009768
4.30308	1.294261294
4.30478	1.343101343
4.30648	0.8791208791
4.30818	1.147741148
4.30988	1.294261294
4.31158	1.172161172
4.31328	0.8791208791
4.31498	1.098901099
4.31668	1.391941392
4.31838	1.025641026
4.32008	0.8547008547
4.32178	1.172161172
4.32348	0.9523809524
4.32518	0.9035409035
4.32688	0.9035409035
4.32858	0.7814407814
4.33028	0.7081807082
4.33198	0.5372405372
4.33368	0.757020757
4.33538	0.927960928
4.33708	0.6837606838
4.33878	0.7326007326
4.34048	0.8058608059
4.34218	0.7814407814
4.34388	0.9523809524
4.34558	0.7326007326
4.34728	1.098901099
4.34898	1.294261294
4.35068	0.7081807082
4.35238	1.001221001
4.35408	0.8791208791
4.35578	0.5860805861
4.35748	1.001221001
4.35918	1.098901099
4.36088	1.001221001
4.36258	1.074481074
4.36428	1.196581197
4.36598	0.5860805861
4.36768	0.757020757
4.36938	0.8058608059
4.37108	0.6593406593
4.37278	0.6349206349
4.37448	0.757020757
4.37618	1.05006105
4.37788	0.8547008547
4.37958	1.001221001
4.38128	0.8058608059
4.38298	0.8302808303
4.38468	0.7326007326
4.38638	0.6105006105
4.38808	0.927960928
4.38978	0.7326007326
4.39148	0.8058608059
4.39318	0.8302808303
4.39488	0.5616605617
4.39658	1.245421245
4.39828	0.8302808303
4.39998	1.098901099
4.40168	0.927960928
4.40338	0.8058608059
4.40508	0.6349206349
4.40678	0.7326007326
4.40848	1.05006105
4.41018	0.2442002442
4.41188	0.8302808303
4.41358	0.6837606838
4.41528	0.7814407814
4.41698	0.6593406593
4.41868	1.001221001
4.42038	0.8302808303
4.42208	0.9523809524
4.42378	0.8058608059
4.42548	0.7326007326
4.42718	0.3663003663
4.42888	0.9523809524
4.43058	0.9035409035
4.43228	0.5616605617
4.43398	1.074481074
4.43568	1.074481074
4.43738	0.9035409035
4.43908	0.7814407814
4.44078	0.8058608059
4.44248	1.26984127
4.44418	0.3907203907
4.44588	0.463980464
4.44758	0.6105006105
4.44928	0.7326007326
4.45098	0.8302808303
4.45268	0.6837606838
4.45438	0.8302808303
4.45608	0.9768009768
4.45778	0.7814407814
4.45948	0.9035409035
4.46118	0.9768009768
4.46288	0.927960928
4.46458	0.8547008547
4.46628	0.7326007326
4.46798	0.6349206349
4.46968	0.8302808303
4.47138	0.7326007326
4.47308	0.5372405372
4.47478	0.757020757
4.47648	0.7814407814
4.47818	0.7814407814
4.47988	0.6593406593
4.48158	0.757020757
4.48328	1.025641026
4.48498	0.7081807082
4.48668	0.4884004884
4.48838	0.8302808303
4.49008	0.3418803419
4.49178	0.8547008547
4.49348	0.5372405372
4.49518	0.9035409035
4.49688	0.8302808303
4.49858	0.7326007326
4.50028	0.6837606838
4.50198	0.6837606838
4.50368	0.757020757
4.50538	0.4884004884
4.50708	0.8058608059
4.50878	0.5860805861
4.51048	1.001221001
4.51218	0.463980464
4.51388	0.7081807082
4.51558	0.9035409035
4.51728	0.7326007326
4.51898	0.8791208791
4.52068	0.7814407814
4.52238	0.7081807082
4.52408	0.8302808303
4.52578	0.7814407814
4.52748	0.4395604396
4.52918	0.8058608059
4.53088	0.9035409035
4.53258	0.8791208791
4.53428	1.001221001
4.53598	0.8302808303
4.53768	1.025641026
4.53938	0.6593406593
4.54108	0.463980464
4.54278	0.7326007326
4.54448	0.8791208791
4.54618	0.1465201465
4.54788	0.8547008547
4.54958	0.8791208791
4.55128	0.1709401709
4.55298	0.3907203907
4.55468	0.6105006105
4.55638	0.8302808303
4.55808	1.05006105
4.55978	0.8791208791
4.56148	0.6837606838
4.56318	0.8791208791
4.56488	0.5128205128
4.56658	0.5860805861
4.56828	0.3174603175
4.56998	0.7081807082
4.57168	0.8302808303
4.57338	0.7326007326
4.57508	1.001221001
4.57678	0.7081807082
4.57848	0.6105006105
4.58018	0.6349206349
4.58188	0.6105006105
4.58358	0.6349206349
4.58528	0.1709401709
4.58698	0.2442002442
4.58868	0.7081807082
4.59038	0.5128205128
4.59208	0.8547008547
4.59378	0.8058608059
4.59548	0.7081807082
4.59718	0.8058608059
4.59888	0.6837606838
4.60058	0.6593406593
4.60228	0.6349206349
4.60398	0.2442002442
4.60568	0.4151404151
4.60738	0.463980464
4.60908	0.463980464
4.61078	0.9035409035
4.61248	0.7081807082
4.61418	0.7326007326
4.61588	0.463980464
4.61758	0.5372405372
4.61928	0.9035409035
4.62098	0.4884004884
4.62268	0.6837606838
4.62438	0.6105006105
4.62608	0.757020757
4.62778	0.4395604396
4.62948	0.7814407814
4.63118	1.001221001
4.63288	0.6105006105
4.63458	1.074481074
4.63628	0.9768009768
4.63798	0.757020757
4.63968	0.6349206349
4.64138	0.6105006105
4.64308	0.6837606838
4.64478	0.293040293
4.64648	0.8302808303
4.64818	0.2197802198
4.64988	0.7814407814
4.65158	0.8302808303
4.65328	0.8302808303
4.65498	1.147741148
4.65668	0.7081807082
4.65838	0.9035409035
4.66008	0.8791208791
4.66178	0.6837606838
4.66348	0.5372405372
4.66518	0.7326007326
4.66688	0.5860805861
4.66858	0.757020757
4.67028	0.9035409035
4.67198	0.8547008547
4.67368	0.9768009768
4.67538	0.5616605617
4.67708	0.9035409035
4.67878	0.9768009768
4.68048	0.3174603175
4.68218	0.4151404151
4.68388	0.8791208791
4.68558	0.4884004884
4.68728	0.3663003663
4.68898	0.6593406593
4.69068	0.3663003663
4.69238	0.9523809524
4.69408	0.9035409035
4.69578	0.5128205128
4.69748	0.7326007326
4.69918	0.8058608059
4.70088	0.3174603175
4.70258	0.4151404151
4.70428	0.4151404151
4.70598	0.7326007326
4.70768	0.293040293
4.70938	0.8791208791
4.71108	0.7814407814
4.71278	0.6837606838
4.71448	0.8058608059
4.71618	0.6837606838
4.71788	1.367521368
4.71958	0.4884004884
4.72128	0.5860805861
4.72298	0.7081807082
4.72468	1.05006105
4.72638	0.9523809524
4.72808	0.4151404151
4.72978	0.7081807082
4.73148	1.147741148
4.73318	0.7326007326
4.73488	1.172161172
4.73658	0.7326007326
4.73828	1.196581197
4.73998	0.463980464
4.74168	0.5860805861
4.74338	0.9523809524
4.74508	0.5616605617
4.74678	1.123321123
4.74848	0.757020757
4.75018	0.9523809524
4.75188	0.5616605617
4.75358	0.6105006105
4.75528	1.098901099
4.75698	0.8058608059
4.75868	0.927960928
4.76038	0.4884004884
4.76208	0.927960928
4.76378	0.4884004884
4.76548	0.8058608059
4.76718	0.7326007326
4.76888	0.7081807082
4.77058	0.6837606838
4.77228	1.098901099
4.77398	1.098901099
4.77568	0.8058608059
4.77738	0.8791208791
4.77908	0.8302808303
4.78078	1.05006105
4.78248	0.8547008547
4.78418	0.5128205128
4.78588	0.757020757
4.78758	0.6349206349
4.78928	0.927960928
4.79098	1.147741148
4.79268	1.025641026
4.79438	0.8791208791
4.79608	0.5860805861
4.79778	1.221001221
4.79948	0.5616605617
4.80118	0.6593406593
4.80288	0.5372405372
4.80458	1.147741148
4.80628	0.7081807082
4.80798	0.5372405372
4.80968	1.172161172
4.81138	1.172161172
4.81308	1.562881563
4.81478	0.8547008547
4.81648	1.147741148
4.81818	1.172161172
4.81988	0.6837606838
4.82158	0.7326007326
4.82328	1.05006105
4.82498	1.098901099
4.82668	1.05006105
4.82838	0.9768009768
4.83008	1.294261294
4.83178	0.7326007326
4.83348	1.025641026
4.83518	0.757020757
4.83688	0.8791208791
4.83858	1.05006105
4.84028	0.7081807082
4.84198	1.196581197
4.84368	1.025641026
4.84538	1.123321123
4.84708	1.001221001
4.84878	1.123321123
4.85048	0.9523809524
4.85218	0.8302808303
4.85388	1.074481074
4.85558	0.7326007326
4.85728	1.48962149
4.85898	0.757020757
4.86068	0.8302808303
4.86238	0.6349206349
4.86408	1.196581197
4.86578	1.123321123
4.86748	0.8058608059
4.86918	1.391941392
4.87088	1.514041514
4.87258	1.318681319
4.87428	1.123321123
4.87598	1.294261294
4.87768	1.025641026
4.87938	0.6837606838
4.88108	0.8791208791
4.88278	1.001221001
4.88448	1.294261294
4.88618	1.05006105
4.88788	0.5860805861
4.88958	1.147741148
4.89128	0.8302808303
4.89298	1.147741148
4.89468	0.9768009768
4.89638	0.6837606838
4.89808	1.245421245
4.89978	1.294261294
4.90148	1.025641026
4.90318	0.8302808303
4.90488	1.318681319
4.90658	1.245421245
4.90828	0.927960928
4.90998	1.587301587
4.91168	0.927960928
4.91338	1.123321123
4.91508	0.757020757
4.91678	1.147741148
4.91848	1.123321123
4.92018	0.9035409035
4.92188	1.294261294
4.92358	1.294261294
4.92528	1.172161172
4.92698	1.098901099
4.92868	1.465201465
4.93038	1.440781441
4.93208	1.611721612
4.93378	1.172161172
4.93548	0.7326007326
4.93718	1.05006105
4.93888	1.001221001
4.94058	1.147741148
4.94228	0.8547008547
4.94398	1.245421245
4.94568	1.343101343
4.94738	1.26984127
4.94908	1.48962149
4.95078	1.001221001
4.95248	1.245421245
4.95418	1.001221001
4.95588	0.8302808303
4.95758	1.025641026
4.95928	1.318681319
4.96098	0.9768009768
4.96268	1.318681319
4.96438	1.098901099
4.96608	1.147741148
4.96778	1.074481074
4.96948	1.48962149
4.97118	1.172161172
4.97288	1.562881563
4.97458	1.538461538
4.97628	1.343101343
4.97798	1.538461538
4.97968	1.147741148
4.98138	0.8302808303
4.98308	1.318681319
4.98478	1.440781441
4.98648	1.147741148
4.98818	0.927960928
4.98988	1.636141636
4.99158	1.221001221
4.99328	1.294261294
4.99498	0.7081807082
4.99668	1.440781441
4.99838	1.294261294
5.00008	1.343101343
5.00178	1.221001221
5.00348	1.26984127
5.00518	1.196581197
5.00688	1.709401709
5.00858	1.074481074
5.01028	1.367521368
5.01198	1.245421245
5.01368	1.245421245
5.01538	0.9523809524
5.01708	1.343101343
5.01878	1.001221001
5.02048	0.9035409035
5.02218	1.196581197
5.02388	1.172161172
5.02558	1.514041514
5.02728	1.196581197
5.02898	1.514041514
5.03068	1.514041514
5.03238	1.294261294
5.03408	1.025641026
5.03578	1.391941392
5.03748	1.294261294
5.03918	1.440781441
5.04088	1.660561661
5.04258	1.294261294
5.04428	1.172161172
5.04598	1.684981685
5.04768	1.025641026
5.04938	1.538461538
5.05108	1.48962149
5.05278	1.611721612
5.05448	1.098901099
5.05618	1.001221001
5.05788	1.391941392
5.05958	1.26984127
5.06128	1.05006105
5.06298	1.001221001
5.06468	1.416361416
5.06638	1.587301587
5.06808	1.514041514
5.06978	1.294261294
5.07148	1.587301587
5.07318	1.684981685
5.07488	0.9768009768
5.07658	1.221001221
5.07828	1.514041514
5.07998	1.26984127
5.08168	1.48962149
5.08338	1.26984127
5.08508	1.391941392
5.08678	1.709401709
5.08848	1.611721612
5.09018	1.465201465
5.09188	1.221001221
5.09358	1.514041514
5.09528	1.465201465
5.09698	1.123321123
5.09868	1.440781441
5.10038	1.514041514
5.10208	1.367521368
5.10378	1.221001221
5.10548	1.343101343
5.10718	1.48962149
5.10888	1.343101343
5.11058	1.48962149
5.11228	1.514041514
5.11398	1.807081807
5.11568	1.074481074
5.11738	1.48962149
5.11908	1.172161172
5.12078	1.025641026
5.12248	1.343101343
5.12418	1.367521368
5.12588	1.196581197
5.12758	1.538461538
5.12928	1.416361416
5.13098	1.123321123
5.13268	1.660561661
5.13438	1.514041514
5.13608	1.26984127
5.13778	1.538461538
5.13948	1.48962149
5.14118	1.48962149
5.14288	1.196581197
5.14458	1.318681319
5.14628	1.318681319
5.14798	1.05006105
5.14968	1.245421245
5.15138	1.440781441
5.15308	1.636141636
5.15478	1.343101343
5.15648	1.391941392
5.15818	1.147741148
5.15988	1.172161172
5.16158	1.294261294
5.16328	1.391941392
5.16498	1.538461538
5.16668	1.831501832
5.16838	1.196581197
5.17008	1.48962149
5.17178	1.514041514
5.17348	1.343101343
5.17518	1.440781441
5.17688	1.294261294
5.17858	1.660561661
5.18028	1.611721612
5.18198	1.001221001
5.18368	1.318681319
5.18538	1.636141636
5.18708	1.221001221
5.18878	1.48962149
5.19048	1.684981685
5.19218	1.660561661
5.19388	1.123321123
5.19558	1.098901099
5.19728	1.562881563
5.19898	1.221001221
5.20068	1.440781441
5.20238	1.367521368
5.20408	1.636141636
5.20578	1.758241758
5.20748	1.660561661
5.20918	1.636141636
5.21088	1.318681319
5.21258	1.514041514
5.21428	1.733821734
5.21598	1.098901099
5.21768	1.538461538
5.21938	1.440781441
5.22108	1.587301587
5.22278	1.147741148
5.22448	1.807081807
5.22618	1.514041514
5.22788	1.636141636
5.22958	1.465201465
5.23128	1.221001221
5.23298	1.562881563
5.23468	1.196581197
5.23638	1.001221001
5.23808	0.9523809524
5.23978	1.245421245
5.24148	1.48962149
5.24318	1.538461538
5.24488	1.660561661
5.24658	1.636141636
5.24828	1.416361416
5.24998	1.587301587
5.25168	1.587301587
5.25338	1.26984127
5.25508	1.26984127
5.25678	1.074481074
5.25848	1.123321123
5.26018	1.538461538
5.26188	1.48962149
5.26358	1.562881563
5.26528	1.733821734
5.26698	1.221001221
5.26868	1.538461538
5.27038	1.416361416
5.27208	1.367521368
5.27378	1.48962149
5.27548	1.440781441
5.27718	1.48962149
5.27888	1.098901099
5.28058	1.831501832
5.28228	1.562881563
5.28398	1.367521368
5.28568	1.978021978
5.28738	1.367521368
5.28908	1.611721612
5.29078	1.172161172
5.29248	1.391941392
5.29418	1.074481074
5.29588	1.391941392
5.29758	1.782661783
5.29928	1.758241758
5.30098	1.318681319
5.30268	1.221001221
5.30438	1.660561661
5.30608	1.440781441
5.30778	1.831501832
5.30948	1.538461538
5.31118	1.245421245
5.31288	1.660561661
5.31458	1.587301587
5.31628	1.172161172
5.31798	1.416361416
5.31968	1.514041514
5.32138	1.758241758
5.32308	1.636141636
5.32478	1.855921856
5.32648	1.709401709
5.32818	1.636141636
5.32988	1.807081807
5.33158	1.440781441
5.33328	1.611721612
5.33498	1.636141636
5.33668	1.465201465
5.33838	1.538461538
5.34008	1.660561661
5.34178	1.391941392
5.34348	1.684981685
5.34518	1.196581197
5.34688	1.611721612
5.34858	1.294261294
5.35028	1.758241758
5.35198	1.758241758
5.35368	1.709401709
5.35538	1.636141636
5.35708	1.48962149
5.35878	1.440781441
5.36048	1.465201465
5.36218	1.855921856
5.36388	1.88034188
5.36558	1.758241758
5.36728	1.538461538
5.36898	1.562881563
5.37068	1.48962149
5.37238	1.514041514
5.37408	1.343101343
5.37578	1.26984127
5.37748	1.48962149
5.37918	1.562881563
5.38088	1.831501832
5.38258	1.440781441
5.38428	1.758241758
5.38598	1.636141636
5.38768	1.904761905
5.38938	1.26984127
5.39108	1.733821734
5.39278	1.611721612
5.39448	1.343101343
5.39618	1.88034188
5.39788	1.367521368
5.39958	1.709401709
5.40128	1.807081807
5.40298	1.733821734
5.40468	1.733821734
5.40638	1.733821734
5.40808	1.538461538
5.40978	1.562881563
5.41148	1.538461538
5.41318	1.758241758
5.41488	1.684981685
5.41658	1.587301587
5.41828	1.196581197
5.41998	1.709401709
5.42168	1.904761905
5.42338	1.245421245
5.42508	1.807081807
5.42678	1.855921856
5.42848	1.904761905
5.43018	1.391941392
5.43188	1.660561661
5.43358	1.611721612
5.43528	1.807081807
5.43698	1.48962149
5.43868	1.538461538
5.44038	1.611721612
5.44208	1.831501832
5.44378	1.587301587
5.44548	1.953601954
5.44718	1.855921856
5.44888	1.684981685
5.45058	1.88034188
5.45228	1.26984127
5.45398	1.709401709
5.45568	1.538461538
5.45738	1.733821734
5.45908	1.953601954
5.46078	2.1001221
5.46248	1.587301587
5.46418	1.538461538
5.46588	1.831501832
5.46758	1.587301587
5.46928	1.733821734
5.47098	1.807081807
5.47268	1.904761905
5.47438	1.562881563
5.47608	1.758241758
5.47778	1.343101343
5.47948	1.831501832
5.48118	2.051282051
5.48288	1.611721612
5.48458	1.758241758
5.48628	1.831501832
5.48798	1.660561661
5.48968	1.391941392
5.49138	1.440781441
5.49308	1.88034188
5.49478	1.367521368
5.49648	1.88034188
5.49818	1.782661783
5.49988	1.807081807
5.50158	1.929181929
5.50328	1.807081807
5.50498	1.978021978
5.50668	2.026862027
5.50838	1.782661783
5.51008	1.831501832
5.51178	1.440781441
5.51348	1.709401709
5.51518	1.538461538
5.51688	1.709401709
5.51858	1.684981685
5.52028	2.124542125
5.52198	1.831501832
5.52368	2.075702076
5.52538	1.758241758
5.52708	1.978021978
5.52878	1.88034188
5.53048	1.733821734
5.53218	1.611721612
5.53388	1.953601954
5.53558	1.684981685
5.53728	1.709401709
5.53898	1.782661783
5.54068	2.124542125
5.54238	2.026862027
5.54408	2.026862027
5.54578	1.904761905
5.54748	2.026862027
5.54918	1.684981685
5.55088	1.831501832
5.55258	1.953601954
5.55428	1.758241758
5.55598	1.611721612
5.55768	1.855921856
5.55938	1.929181929
5.56108	2.075702076
5.56278	1.807081807
5.56448	1.953601954
5.56618	2.002442002
5.56788	1.978021978
5.56958	1.929181929
5.57128	1.562881563
5.57298	1.782661783
5.57468	2.124542125
5.57638	2.075702076
5.57808	2.075702076
5.57978	2.173382173
5.58148	2.173382173
5.58318	2.075702076
5.58488	2.075702076
5.58658	1.904761905
5.58828	2.002442002
5.58998	1.514041514
5.59168	1.831501832
5.59338	1.904761905
5.59508	1.807081807
5.59678	2.075702076
5.59848	1.953601954
5.60018	2.31990232
5.60188	2.051282051
5.60358	1.904761905
5.60528	1.904761905
5.60698	1.660561661
5.60868	2.026862027
5.61038	1.587301587
5.61208	1.733821734
5.61378	1.855921856
5.61548	2.148962149
5.61718	2.393162393
5.61888	1.831501832
5.62058	2.295482295
5.62228	1.953601954
5.62398	1.929181929
5.62568	2.002442002
5.62738	1.782661783
5.62908	1.538461538
5.63078	2.051282051
5.63248	2.246642247
5.63418	1.758241758
5.63588	2.295482295
5.63758	1.855921856
5.63928	2.075702076
5.64098	1.709401709
5.64268	2.075702076
5.64438	2.1001221
5.64608	1.611721612
5.64778	2.612942613
5.64948	1.978021978
5.65118	1.953601954
5.65288	2.173382173
5.65458	2.026862027
5.65628	2.246642247
5.65798	2.197802198
5.65968	2.026862027
5.66138	2.222222222
5.66308	2.075702076
5.66478	2.173382173
5.66648	2.246642247
5.66818	1.88034188
5.66988	1.88034188
5.67158	2.1001221
5.67328	1.831501832
5.67498	2.197802198
5.67668	2.026862027
5.67838	2.1001221
5.68008	2.31990232
5.68178	2.222222222
5.68348	2.246642247
5.68518	2.051282051
5.68688	2.197802198
5.68858	2.417582418
5.69028	2.1001221
5.69198	1.978021978
5.69368	2.026862027
5.69538	2.124542125
5.69708	2.393162393
5.69878	2.002442002
5.70048	2.222222222
5.70218	2.1001221
5.70388	2.1001221
5.70558	2.051282051
5.70728	1.855921856
5.70898	2.246642247
5.71068	2.026862027
5.71238	2.222222222
5.71408	2.197802198
5.71578	1.88034188
5.71748	2.026862027
5.71918	2.026862027
5.72088	1.978021978
5.72258	1.660561661
5.72428	2.661782662
5.72598	2.295482295
5.72768	2.295482295
5.72938	1.855921856
5.73108	2.222222222
5.73278	1.758241758
5.73448	2.1001221
5.73618	2.368742369
5.73788	1.88034188
5.73958	2.173382173
5.74128	2.53968254
5.74298	2.173382173
5.74468	1.953601954
5.74638	2.124542125
5.74808	2.588522589
5.74978	2.148962149
5.75148	1.831501832
5.75318	2.124542125
5.75488	2.148962149
5.75658	2.368742369
5.75828	2.075702076
5.75998	2.197802198
5.76168	2.661782662
5.76338	2.466422466
5.76508	2.222222222
5.76678	2.271062271
5.76848	2.051282051
5.77018	1.855921856
5.77188	2.246642247
5.77358	2.222222222
5.77528	2.173382173
5.77698	2.490842491
5.77868	2.197802198
5.78038	2.564102564
5.78208	2.31990232
5.78378	2.686202686
5.78548	2.271062271
5.78718	2.148962149
5.78888	1.831501832
5.79058	2.295482295
5.79228	1.831501832
5.79398	2.197802198
5.79568	2.197802198
5.79738	2.173382173
5.79908	2.124542125
5.80078	2.466422466
5.80248	2.442002442
5.80418	2.051282051
5.80588	2.026862027
5.80758	2.368742369
5.80928	1.88034188
5.81098	1.855921856
5.81268	2.124542125
5.81438	2.075702076
5.81608	2.075702076
5.81778	2.173382173
5.81948	2.637362637
5.82118	2.271062271
5.82288	2.442002442
5.82458	2.442002442
5.82628	2.026862027
5.82798	2.53968254
5.82968	2.368742369
5.83138	2.222222222
5.83308	2.124542125
5.83478	2.612942613
5.83648	2.368742369
5.83818	2.344322344
5.83988	2.612942613
5.84158	2.442002442
5.84328	2.564102564
5.84498	2.295482295
5.84668	2.31990232
5.84838	2.442002442
5.85008	2.197802198
5.85178	2.271062271
5.85348	2.295482295
5.85518	2.417582418
5.85688	2.271062271
5.85858	2.442002442
5.86028	2.344322344
5.86198	2.637362637
5.86368	2.368742369
5.86538	2.148962149
5.86708	2.246642247
5.86878	2.075702076
5.87048	2.124542125
5.87218	2.31990232
5.87388	2.393162393
5.87558	2.148962149
5.87728	2.124542125
5.87898	2.588522589
5.88068	2.368742369
5.88238	2.295482295
5.88408	2.368742369
5.88578	2.222222222
5.88748	2.466422466
5.88918	2.075702076
5.89088	2.124542125
5.89258	2.222222222
5.89428	2.417582418
5.89598	2.442002442
5.89768	1.855921856
5.89938	2.564102564
5.90108	2.466422466
5.90278	2.466422466
5.90448	2.588522589
5.90618	2.417582418
5.90788	2.710622711
5.90958	2.393162393
5.91128	2.246642247
5.91298	2.442002442
5.91468	2.295482295
5.91638	2.759462759
5.91808	2.417582418
5.91978	2.490842491
5.92148	2.466422466
5.92318	2.1001221
5.92488	2.53968254
5.92658	2.173382173
5.92828	2.417582418
5.92998	2.393162393
5.93168	2.075702076
5.93338	2.124542125
5.93508	2.197802198
5.93678	2.222222222
5.93848	2.393162393
5.94018	2.564102564
5.94188	2.344322344
5.94358	2.661782662
5.94528	2.246642247
5.94698	2.31990232
5.94868	2.661782662
5.95038	2.612942613
5.95208	2.075702076
5.95378	2.197802198
5.95548	2.271062271
5.95718	2.173382173
5.95888	2.612942613
5.96058	2.442002442
5.96228	2.271062271
5.96398	2.417582418
5.96568	2.31990232
5.96738	2.344322344
5.96908	2.051282051
5.97078	2.197802198
5.97248	1.904761905
5.97418	2.466422466
5.97588	2.53968254
5.97758	2.148962149
5.97928	2.466422466
5.98098	2.637362637
5.98268	2.515262515
5.98438	2.124542125
5.98608	2.490842491
5.98778	2.393162393
5.98948	2.490842491
5.99118	2.246642247
5.99288	2.026862027
5.99458	2.222222222
5.99628	2.564102564
5.99798	2.31990232
5.99968	2.173382173
6.00138	2.564102564
6.00308	2.393162393
6.00478	2.832722833
6.00648	2.515262515
6.00818	2.1001221
6.00988	1.831501832
6.01158	2.222222222
6.01328	2.53968254
6.01498	2.417582418
6.01668	2.490842491
6.01838	2.490842491
6.02008	2.393162393
6.02178	2.295482295
6.02348	2.344322344
6.02518	2.075702076
6.02688	2.173382173
6.02858	2.344322344
6.03028	2.124542125
6.03198	2.051282051
6.03368	2.124542125
6.03538	2.53968254
6.03708	2.222222222
6.03878	2.222222222
6.04048	2.588522589
6.04218	2.393162393
6.04388	2.393162393
6.04558	2.197802198
6.04728	2.173382173
6.04898	2.686202686
6.05068	2.295482295
6.05238	2.051282051
6.05408	2.222222222
6.05578	2.735042735
6.05748	2.1001221
6.05918	2.612942613
6.06088	2.735042735
6.06258	2.588522589
6.06428	2.53968254
6.06598	2.344322344
6.06768	2.466422466
6.06938	2.124542125
6.07108	2.222222222
6.07278	2.564102564
6.07448	2.832722833
6.07618	2.393162393
6.07788	2.515262515
6.07958	2.393162393
6.08128	2.515262515
6.08298	2.442002442
6.08468	2.051282051
6.08638	2.368742369
6.08808	2.271062271
6.08978	2.612942613
6.09148	2.051282051
6.09318	2.1001221
6.09488	2.295482295
6.09658	2.53968254
6.09828	2.31990232
6.09998	2.466422466
6.10168	2.637362637
6.10338	2.344322344
6.10508	2.564102564
6.10678	2.466422466
6.10848	2.515262515
6.11018	2.197802198
6.11188	2.026862027
6.11358	1.855921856
6.11528	2.442002442
6.11698	2.246642247
6.11868	2.197802198
6.12038	2.31990232
6.12208	2.588522589
6.12378	2.588522589
6.12548	2.417582418
6.12718	2.31990232
6.12888	1.782661783
6.13058	2.295482295
6.13228	2.295482295
6.13398	2.466422466
6.13568	2.564102564
6.13738	2.466422466
6.13908	2.515262515
6.14078	2.637362637
6.14248	2.368742369
6.14418	2.344322344
6.14588	2.612942613
6.14758	2.661782662
6.14928	2.53968254
6.15098	2.246642247
6.15268	2.051282051
6.15438	2.490842491
6.15608	2.368742369
6.15778	2.31990232
6.15948	2.783882784
6.16118	2.490842491
6.16288	2.490842491
6.16458	2.31990232
6.16628	2.442002442
6.16798	2.588522589
6.16968	2.515262515
6.17138	2.124542125
6.17308	2.197802198
6.17478	2.124542125
6.17648	2.442002442
6.17818	2.197802198
6.17988	2.759462759
6.18158	2.197802198
6.18328	2.53968254
6.18498	2.31990232
6.18668	2.368742369
6.18838	2.31990232
6.19008	2.271062271
6.19178	2.295482295
6.19348	2.295482295
6.19518	2.564102564
6.19688	2.490842491
6.19858	2.442002442
6.20028	2.661782662
6.20198	2.368742369
6.20368	2.295482295
6.20538	2.344322344
6.20708	2.417582418
6.20878	2.124542125
6.21048	2.393162393
6.21218	2.53968254
6.21388	2.417582418
6.21558	2.515262515
6.21728	1.929181929
6.21898	2.442002442
6.22068	2.612942613
6.22238	2.442002442
6.22408	2.344322344
6.22578	2.075702076
6.22748	2.53968254
6.22918	2.53968254
6.23088	2.393162393
6.23258	2.002442002
6.23428	2.393162393
6.23598	2.808302808
6.23768	2.661782662
6.23938	2.564102564
6.24108	2.222222222
6.24278	2.344322344
6.24448	2.173382173
6.24618	2.026862027
6.24788	2.222222222
6.24958	2.051282051
6.25128	2.31990232
6.25298	2.53968254
6.25468	2.710622711
6.25638	2.832722833
6.25808	2.686202686
6.25978	2.905982906
6.26148	2.53968254
6.26318	2.344322344
6.26488	2.588522589
6.26658	2.344322344
6.26828	2.588522589
6.26998	2.31990232
6.27168	2.466422466
6.27338	2.490842491
6.27508	2.417582418
6.27678	2.710622711
6.27848	2.442002442
6.28018	2.442002442
6.28188	2.612942613
6.28358	2.564102564
6.28528	2.490842491
6.28698	2.197802198
6.28868	2.295482295
6.29038	2.393162393
6.29208	2.881562882
6.29378	2.466422466
6.29548	2.1001221
6.29718	2.246642247
6.29888	2.393162393
6.30058	2.564102564
6.30228	2.612942613
6.30398	2.637362637
6.30568	2.075702076
6.30738	2.417582418
6.30908	2.197802198
6.31078	2.490842491
6.31248	2.295482295
6.31418	2.295482295
6.31588	2.588522589
6.31758	2.515262515
6.31928	2.53968254
6.32098	2.466422466
6.32268	2.588522589
6.32438	2.637362637
6.32608	2.197802198
6.32778	2.31990232
6.32948	2.344322344
6.33118	2.222222222
6.33288	2.515262515
6.33458	2.466422466
6.33628	2.588522589
6.33798	2.710622711
6.33968	2.417582418
6.34138	2.271062271
6.34308	2.466422466
6.34478	2.490842491
6.34648	2.1001221
6.34818	2.393162393
6.34988	2.368742369
6.35158	2.637362637
6.35328	2.148962149
6.35498	2.905982906
6.35668	2.710622711
6.35838	2.466422466
6.36008	2.588522589
6.36178	2.588522589
6.36348	2.53968254
6.36518	2.442002442
6.36688	2.368742369
6.36858	2.173382173
6.37028	2.881562882
6.37198	2.515262515
6.37368	2.661782662
6.37538	2.564102564
6.37708	2.759462759
6.37878	2.222222222
6.38048	2.515262515
6.38218	2.393162393
6.38388	2.393162393
6.38558	2.295482295
6.38728	2.515262515
6.38898	2.222222222
6.39068	2.637362637
6.39238	2.564102564
6.39408	2.881562882
6.39578	2.466422466
6.39748	2.661782662
6.39918	2.564102564
6.40088	2.661782662
6.40258	2.832722833
6.40428	2.466422466
6.40598	2.393162393
6.40768	2.442002442
6.40938	2.442002442
6.41108	2.515262515
6.41278	2.759462759
6.41448	2.442002442
6.41618	2.710622711
6.41788	2.490842491
6.41958	2.759462759
6.42128	2.344322344
6.42298	2.808302808
6.42468	2.31990232
6.42638	2.466422466
6.42808	2.832722833
6.42978	2.564102564
6.43148	2.368742369
6.43318	2.442002442
6.43488	2.612942613
6.43658	2.881562882
6.43828	2.857142857
6.43998	2.564102564
6.44168	2.466422466
6.44338	2.466422466
6.44508	2.53968254
6.44678	2.515262515
6.44848	2.661782662
6.45018	2.442002442
6.45188	2.515262515
6.45358	2.222222222
6.45528	2.783882784
6.45698	2.686202686
6.45868	2.515262515
6.46038	2.246642247
6.46208	2.515262515
6.46378	2.124542125
6.46548	1.953601954
6.46718	2.31990232
6.46888	2.246642247
6.47058	2.710622711
6.47228	2.612942613
6.47398	2.857142857
6.47568	3.101343101
6.47738	2.808302808
6.47908	2.686202686
6.48078	2.197802198
6.48248	2.832722833
6.48418	2.588522589
6.48588	2.246642247
6.48758	2.368742369
6.48928	2.53968254
6.49098	2.735042735
6.49268	2.368742369
6.49438	2.442002442
6.49608	2.612942613
6.49778	2.442002442
6.49948	2.197802198
6.50118	2.53968254
6.50288	2.588522589
6.50458	2.124542125
6.50628	2.53968254
6.50798	2.759462759
6.50968	2.295482295
6.51138	2.31990232
6.51308	2.271062271
6.51478	2.832722833
6.51648	2.637362637
6.51818	2.173382173
6.51988	2.417582418
6.52158	2.612942613
6.52328	2.612942613
6.52498	2.905982906
6.52668	2.124542125
6.52838	2.197802198
6.53008	2.515262515
6.53178	2.53968254
6.53348	2.246642247
6.53518	2.783882784
6.53688	2.808302808
6.53858	2.588522589
6.54028	2.148962149
6.54198	2.173382173
6.54368	2.295482295
6.54538	2.442002442
6.54708	2.466422466
6.54878	2.31990232
6.55048	2.905982906
6.55218	2.612942613
6.55388	2.686202686
6.55558	2.808302808
6.55728	2.295482295
6.55898	2.417582418
6.56068	2.442002442
6.56238	2.735042735
6.56408	2.271062271
6.56578	2.490842491
6.56748	2.173382173
6.56918	2.515262515
6.57088	2.222222222
6.57258	2.53968254
6.57428	2.637362637
6.57598	2.905982906
6.57768	2.686202686
6.57938	2.612942613
6.58108	2.393162393
6.58278	2.881562882
6.58448	2.588522589
6.58618	2.417582418
6.58788	2.490842491
6.58958	2.393162393
6.59128	2.417582418
6.59298	2.515262515
6.59468	2.759462759
6.59638	2.417582418
6.59808	2.31990232
6.59978	2.53968254
6.60148	2.637362637
6.60318	2.466422466
6.60488	2.295482295
6.60658	1.953601954
6.60828	2.417582418
6.60998	2.515262515
6.61168	2.490842491
6.61338	2.051282051
6.61508	2.661782662
6.61678	2.783882784
6.61848	2.53968254
6.62018	2.808302808
6.62188	2.368742369
6.62358	2.515262515
6.62528	2.466422466
6.62698	2.393162393
6.62868	2.002442002
6.63038	2.490842491
6.63208	2.564102564
6.63378	2.53968254
6.63548	2.515262515
6.63718	3.028083028
6.63888	2.31990232
6.64058	2.417582418
6.64228	2.53968254
6.64398	2.588522589
6.64568	2.417582418
6.64738	2.466422466
6.64908	2.271062271
6.65078	2.612942613
6.65248	2.295482295
6.65418	2.393162393
6.65588	2.735042735
6.65758	2.686202686
6.65928	2.710622711
6.66098	1.978021978
6.66268	2.515262515
6.66438	2.246642247
6.66608	2.368742369
6.66778	2.295482295
6.66948	2.564102564
6.67118	2.368742369
6.67288	2.344322344
6.67458	2.393162393
6.67628	2.612942613
6.67798	2.31990232
6.67968	2.148962149
6.68138	2.344322344
6.68308	2.222222222
6.68478	2.271062271
6.68648	2.490842491
6.68818	2.148962149
6.68988	2.490842491
6.69158	2.53968254
6.69328	2.295482295
6.69498	2.759462759
6.69668	2.442002442
6.69838	2.197802198
6.70008	2.564102564
6.70178	2.490842491
6.70348	2.564102564
6.70518	2.442002442
6.70688	2.1001221
6.70858	2.344322344
6.71028	2.466422466
6.71198	2.295482295
6.71368	2.490842491
6.71538	2.53968254
6.71708	2.588522589
6.71878	2.368742369
6.72048	2.246642247
6.72218	2.246642247
6.72388	2.246642247
6.72558	2.173382173
6.72728	1.904761905
6.72898	2.124542125
6.73068	2.490842491
6.73238	2.075702076
6.73408	2.612942613
6.73578	2.442002442
6.73748	2.490842491
6.73918	2.490842491
6.74088	2.31990232
6.74258	2.612942613
6.74428	2.466422466
6.74598	2.344322344
6.74768	2.368742369
6.74938	2.295482295
6.75108	2.612942613
6.75278	2.442002442
6.75448	2.686202686
6.75618	2.466422466
6.75788	2.173382173
6.75958	2.222222222
6.76128	2.002442002
6.76298	2.393162393
6.76468	2.173382173
6.76638	2.31990232
6.76808	2.53968254
6.76978	2.295482295
6.77148	2.271062271
6.77318	2.344322344
6.77488	2.490842491
6.77658	2.344322344
6.77828	2.417582418
6.77998	2.1001221
6.78168	2.148962149
6.78338	2.490842491
6.78508	1.978021978
6.78678	2.026862027
6.78848	1.904761905
6.79018	2.588522589
6.79188	2.344322344
6.79358	2.442002442
6.79528	2.271062271
6.79698	2.564102564
6.79868	2.344322344
6.80038	2.393162393
6.80208	2.026862027
6.80378	2.173382173
6.80548	2.368742369
6.80718	2.393162393
6.80888	2.075702076
6.81058	2.222222222
6.81228	2.490842491
6.81398	2.442002442
6.81568	2.710622711
6.81738	2.246642247
6.81908	2.246642247
6.82078	2.075702076
6.82248	2.368742369
6.82418	2.295482295
6.82588	2.051282051
6.82758	2.1001221
6.82928	2.271062271
6.83098	2.295482295
6.83268	2.417582418
6.83438	2.271062271
6.83608	2.344322344
6.83778	2.442002442
6.83948	2.466422466
6.84118	2.075702076
6.84288	2.197802198
6.84458	1.831501832
6.84628	2.148962149
6.84798	2.197802198
6.84968	2.783882784
6.85138	2.612942613
6.85308	2.368742369
6.85478	2.368742369
6.85648	2.246642247
6.85818	2.466422466
6.85988	2.393162393
6.86158	2.173382173
6.86328	2.31990232
6.86498	2.026862027
6.86668	2.246642247
6.86838	2.124542125
6.87008	2.295482295
6.87178	2.197802198
6.87348	2.271062271
6.87518	2.564102564
6.87688	2.222222222
6.87858	1.904761905
6.88028	2.026862027
6.88198	1.953601954
6.88368	2.075702076
6.88538	2.002442002
6.88708	2.31990232
6.88878	2.1001221
6.89048	2.368742369
6.89218	2.148962149
6.89388	2.271062271
6.89558	2.124542125
6.89728	2.002442002
6.89898	2.148962149
6.90068	1.978021978
6.90238	2.1001221
6.90408	2.368742369
6.90578	2.246642247
6.90748	2.368742369
6.90918	2.246642247
6.91088	2.881562882
6.91258	2.466422466
6.91428	2.393162393
6.91598	2.442002442
6.91768	2.1001221
6.91938	2.246642247
6.92108	2.197802198
6.92278	2.002442002
6.92448	2.075702076
6.92618	2.442002442
6.92788	2.002442002
6.92958	2.368742369
6.93128	2.466422466
6.93298	1.929181929
6.93468	2.197802198
6.93638	2.051282051
6.93808	2.490842491
6.93978	2.026862027
6.94148	1.904761905
6.94318	2.515262515
6.94488	2.31990232
6.94658	1.978021978
6.94828	2.026862027
6.94998	2.344322344
6.95168	2.368742369
6.95338	2.002442002
6.95508	2.295482295
6.95678	2.31990232
6.95848	2.393162393
6.96018	2.222222222
6.96188	2.490842491
6.96358	1.782661783
6.96528	2.246642247
6.96698	2.173382173
6.96868	2.148962149
6.97038	2.515262515
6.97208	2.295482295
6.97378	2.1001221
6.97548	2.490842491
6.97718	2.124542125
6.97888	2.124542125
6.98058	1.929181929
6.98228	2.148962149
6.98398	2.197802198
6.98568	1.855921856
6.98738	2.026862027
6.98908	2.31990232
6.99078	2.197802198
6.99248	2.368742369
6.99418	1.831501832
6.99588	1.807081807
6.99758	2.197802198
6.99928	1.831501832
