Bruker BioSpin GmbH: the minispec
DataType=5
DataLimits=0.03778,6.99928,4096
DataUnit=Time/ms,Intensity/%
c:\program files\bruker the minispec\application pool demo\fid.app
28.09.2024 11:45:40

0.03778	141.4163614
0.03948	141.4163614
0.04118	141.4163614
0.04288	141.4163614
0.04458	141.4163614
0.04628	141.4163614
0.04798	141.4163614
0.04968	141.4163614
0.05138	141.4163614
0.05308	141.4163614
0.05478	141.4163614
0.05648	141.4163614
0.05818	141.4163614
0.05988	141.4163614
0.06158	141.4163614
0.06328	141.4163614
0.06498	141.4163614
0.06668	141.4163614
0.06838	141.4163614
0.07008	141.4163614
0.07178	141.4163614
0.07348	141.4163614
0.07518	141.4163614
0.07688	141.4163614
0.07858	141.4163614
0.08028	141.4163614
0.08198	141.4163614
0.08368	141.4163614
0.08538	141.4163614
0.08708	141.4163614
0.08878	141.4163614
0.09048	141.4163614
0.09218	141.4163614
0.09388	141.4163614
0.09558	141.4163614
0.09728	141.4163614
0.09898	141.4163614
0.10068	141.4163614
0.10238	141.4163614
0.10408	141.4163614
0.10578	141.4163614
0.10748	141.4163614
0.10918	141.4163614
0.11088	141.4163614
0.11258	141.4163614
0.11428	141.4163614
0.11598	141.4163614
0.11768	141.4163614
0.11938	141.4163614
0.12108	141.4163614
0.12278	141.4163614
0.12448	141.4163614
0.12618	141.4163614
0.12788	141.4163614
0.12958	141.4163614
0.13128	141.4163614
0.13298	141.4163614
0.13468	141.4163614
0.13638	141.4163614
0.13808	141.4163614
0.13978	141.4163614
0.14148	141.4163614
0.14318	141.4163614
0.14488	141.4163614
0.14658	141.4163614
0.14828	141.4163614
0.14998	141.4163614
0.15168	141.4163614
0.15338	141.4163614
0.15508	141.4163614
0.15678	141.4163614
0.15848	141.4163614
0.16018	141.4163614
0.16188	141.4163614
0.16358	141.4163614
0.16528	141.4163614
0.16698	141.4163614
0.16868	141.4163614
0.17038	141.4163614
0.17208	141.4163614
0.17378	141.4163614
0.17548	141.4163614
0.17718	141.4163614
0.17888	141.4163614
0.18058	141.4163614
0.18228	141.4163614
0.18398	141.4163614
0.18568	141.4163614
0.18738	141.4163614
0.18908	141.4163614
0.19078	141.4163614
0.19248	141.4163614
0.19418	141.4163614
0.19588	141.4163614
0.19758	141.4163614
0.19928	141.4163614
0.20098	141.4163614
0.20268	141.4163614
0.20438	141.4163614
0.20608	141.4163614
0.20778	141.4163614
0.20948	141.4163614
0.21118	141.4163614
0.21288	141.4163614
0.21458	141.4163614
0.21628	141.4163614
0.21798	141.4163614
0.21968	141.4163614
0.22138	141.4163614
0.22308	141.4163614
0.22478	141.4163614
0.22648	141.4163614
0.22818	141.4163614
0.22988	141.4163614
0.23158	141.4163614
0.23328	141.4163614
0.23498	141.4163614
0.23668	141.4163614
0.23838	141.4163614
0.24008	141.4163614
0.24178	141.4163614
0.24348	141.4163614
0.24518	141.4163614
0.24688	141.4163614
0.24858	141.4163614
0.25028	141.4163614
0.25198	141.4163614
0.25368	141.4163614
0.25538	141.4163614
0.25708	141.4163614
0.25878	141.4163614
0.26048	141.4163614
0.26218	141.4163614
0.26388	141.4163614
0.26558	141.4163614
0.26728	141.4163614
0.26898	141.4163614
0.27068	141.4163614
0.27238	141.4163614
0.27408	141.4163614
0.27578	141.4163614
0.27748	141.4163614
0.27918	141.4163614
0.28088	141.4163614
0.28258	141.4163614
0.28428	141.4163614
0.28598	141.4163614
0.28768	141.4163614
0.28938	141.4163614
0.29108	141.4163614
0.29278	141.4163614
0.29448	141.4163614
0.29618	141.4163614
0.29788	141.4163614
0.29958	141.4163614
0.30128	141.4163614
0.30298	141.4163614
0.30468	141.4163614
0.30638	141.4163614
0.30808	141.4163614
0.30978	141.4163614
0.31148	141.4163614
0.31318	141.4163614
0.31488	141.4163614
0.31658	141.4163614
0.31828	141.4163614
0.31998	141.4163614
0.32168	141.4163614
0.32338	141.4163614
0.32508	141.4163614
0.32678	141.4163614
0.32848	141.4163614
0.33018	141.4163614
0.33188	141.4163614
0.33358	141.4163614
0.33528	141.4163614
0.33698	141.4163614
0.33868	141.4163614
0.34038	141.4163614
0.34208	141.4163614
0.34378	141.4163614
0.34548	141.4163614
0.34718	141.4163614
0.34888	141.4163614
0.35058	141.4163614
0.35228	141.4163614
0.35398	141.4163614
0.35568	141.4163614
0.35738	141.4163614
0.35908	141.4163614
0.36078	141.4163614
0.36248	141.4163614
0.36418	141.4163614
0.36588	141.4163614
0.36758	141.4163614
0.36928	141.4163614
0.37098	141.4163614
0.37268	141.4163614
0.37438	141.4163614
0.37608	141.4163614
0.37778	141.4163614
0.37948	141.4163614
0.38118	141.4163614
0.38288	141.4163614
0.38458	141.4163614
0.38628	141.4163614
0.38798	141.4163614
0.38968	141.4163614
0.39138	141.4163614
0.39308	141.4163614
0.39478	141.4163614
0.39648	141.4163614
0.39818	141.4163614
0.39988	141.4163614
0.40158	141.4163614
0.40328	141.4163614
0.40498	141.4163614
0.40668	141.4163614
0.40838	141.4163614
0.41008	141.4163614
0.41178	141.4163614
0.41348	141.4163614
0.41518	141.4163614
0.41688	141.4163614
0.41858	141.4163614
0.42028	141.4163614
0.42198	141.4163614
0.42368	141.4163614
0.42538	141.4163614
0.42708	141.4163614
0.42878	141.4163614
0.43048	141.4163614
0.43218	141.4163614
0.43388	141.4163614
0.43558	141.4163614
0.43728	141.4163614
0.43898	141.4163614
0.44068	141.4163614
0.44238	141.4163614
0.44408	141.4163614
0.44578	141.4163614
0.44748	141.4163614
0.44918	141.4163614
0.45088	141.4163614
0.45258	141.4163614
0.45428	141.4163614
0.45598	141.4163614
0.45768	141.4163614
0.45938	141.4163614
0.46108	141.4163614
0.46278	141.4163614
0.46448	141.4163614
0.46618	141.4163614
0.46788	141.4163614
0.46958	141.4163614
0.47128	141.4163614
0.47298	141.4163614
0.47468	141.4163614
0.47638	141.4163614
0.47808	141.4163614
0.47978	141.4163614
0.48148	141.4163614
0.48318	141.4163614
0.48488	141.4163614
0.48658	141.4163614
0.48828	141.4163614
0.48998	141.4163614
0.49168	141.4163614
0.49338	141.4163614
0.49508	141.4163614
0.49678	141.4163614
0.49848	141.4163614
0.50018	141.4163614
0.50188	141.4163614
0.50358	141.4163614
0.50528	141.4163614
0.50698	141.4163614
0.50868	141.4163614
0.51038	141.4163614
0.51208	141.4163614
0.51378	141.4163614
0.51548	141.4163614
0.51718	141.4163614
0.51888	141.4163614
0.52058	141.4163614
0.52228	141.4163614
0.52398	141.4163614
0.52568	141.4163614
0.52738	141.4163614
0.52908	141.4163614
0.53078	141.4163614
0.53248	141.4163614
0.53418	141.4163614
0.53588	141.4163614
0.53758	141.4163614
0.53928	141.4163614
0.54098	141.4163614
0.54268	141.4163614
0.54438	141.4163614
0.54608	141.4163614
0.54778	141.4163614
0.54948	141.4163614
0.55118	141.4163614
0.55288	141.4163614
0.55458	141.4163614
0.55628	141.4163614
0.55798	141.4163614
0.55968	141.4163614
0.56138	141.4163614
0.56308	141.4163614
0.56478	141.4163614
0.56648	141.4163614
0.56818	141.4163614
0.56988	141.4163614
0.57158	141.4163614
0.57328	141.4163614
0.57498	141.4163614
0.57668	141.4163614
0.57838	141.4163614
0.58008	141.4163614
0.58178	141.4163614
0.58348	141.4163614
0.58518	141.4163614
0.58688	141.4163614
0.58858	141.4163614
0.59028	141.4163614
0.59198	141.4163614
0.59368	141.4163614
0.59538	141.4163614
0.59708	141.4163614
0.59878	141.4163614
0.60048	141.4163614
0.60218	141.4163614
0.60388	141.4163614
0.60558	141.4163614
0.60728	141.4163614
0.60898	141.4163614
0.61068	141.4163614
0.61238	141.4163614
0.61408	141.4163614
0.61578	141.4163614
0.61748	141.4163614
0.61918	141.4163614
0.62088	141.4163614
0.62258	141.4163614
0.62428	141.4163614
0.62598	141.4163614
0.62768	141.4163614
0.62938	141.4163614
0.63108	141.4163614
0.63278	141.2454212
0.63448	141.025641
0.63618	140.2686203
0.63788	139.8534799
0.63958	139.4139194
0.64128	139.1941392
0.64298	138.8278388
0.64468	138.5103785
0.64638	138.2417582
0.64808	137.997558
0.64978	137.3870574
0.65148	137.0940171
0.65318	136.5567766
0.65488	136.2881563
0.65658	135.8241758
0.65828	135.7020757
0.65998	135.1648352
0.66168	134.8962149
0.66338	134.5543346
0.66508	134.3101343
0.66678	133.9194139
0.66848	133.4310134
0.67018	133.3089133
0.67188	132.8693529
0.67358	132.4053724
0.67528	132.4297924
0.67698	131.6971917
0.67868	131.6483516
0.68038	131.4529915
0.68208	130.9401709
0.68378	130.6959707
0.68548	130.3052503
0.68718	130.2075702
0.68888	129.6703297
0.69058	129.4017094
0.69228	129.1819292
0.69398	128.6935287
0.69568	128.4249084
0.69738	128.0586081
0.69908	127.9120879
0.70078	127.4725275
0.70248	127.2039072
0.70418	126.7887668
0.70588	126.8376068
0.70758	126.4713065
0.70928	125.958486
0.71098	125.5677656
0.71268	125.6410256
0.71438	125.2258852
0.71608	124.957265
0.71778	124.4688645
0.71948	124.2002442
0.72118	124.029304
0.72288	123.6874237
0.72458	123.4432234
0.72628	123.2967033
0.72798	123.028083
0.72968	122.7350427
0.73138	122.5885226
0.73308	122.3687424
0.73478	121.7582418
0.73648	121.6605617
0.73818	121.1233211
0.73988	121.1477411
0.74158	120.5860806
0.74328	120.5860806
0.74498	120.1953602
0.74668	120.1709402
0.74838	119.7802198
0.75008	119.5848596
0.75178	119.5115995
0.75348	118.8522589
0.75518	118.9499389
0.75688	118.6080586
0.75858	118.1929182
0.76028	118.1684982
0.76198	117.8754579
0.76368	117.6068376
0.76538	117.4358974
0.76708	117.3137973
0.76878	117.1428571
0.77048	116.5811966
0.77218	116.5079365
0.77388	115.8485958
0.77558	115.6043956
0.77728	115.6043956
0.77898	115.2136752
0.78068	114.7741148
0.78238	114.4322344
0.78408	114.5543346
0.78578	113.5042735
0.78748	114.0659341
0.78918	113.4798535
0.79088	113.040293
0.79258	112.2832723
0.79428	112.4786325
0.79598	111.9169719
0.79768	111.4774115
0.79938	111.5018315
0.80108	110.8669109
0.80278	111.0866911
0.80448	110.3540904
0.80618	110.2075702
0.80788	109.8656899
0.80958	109.8412698
0.81128	109.1575092
0.81298	108.8644689
0.81468	108.8156288
0.81638	108.2539683
0.81808	108.009768
0.81978	107.6678877
0.82148	107.6190476
0.82318	107.5946276
0.82488	106.7399267
0.82658	106.984127
0.82828	106.3492063
0.82998	106.5201465
0.83168	105.8119658
0.83338	105.4456654
0.83508	105.2258852
0.83678	104.8840049
0.83848	104.3956044
0.84018	104.3956044
0.84188	103.9072039
0.84358	104.0537241
0.84528	103.1746032
0.84698	103.4676435
0.84868	102.8327228
0.85038	102.7106227
0.85208	102.2710623
0.85378	102.026862
0.85548	101.8315018
0.85718	101.2942613
0.85888	101.6361416
0.86058	100.5860806
0.86228	100.6105006
0.86398	100.4151404
0.86568	99.95115995
0.86738	99.65811966
0.86908	99.41391941
0.87078	99.29181929
0.87248	98.77899878
0.87418	98.65689866
0.87588	98.43711844
0.87758	97.82661783
0.87928	97.65567766
0.88098	97.41147741
0.88268	97.55799756
0.88438	97.11843712
0.88608	96.94749695
0.88778	96.53235653
0.88948	96.19047619
0.89118	95.72649573
0.89288	95.65323565
0.89458	95.33577534
0.89628	95.04273504
0.89798	94.92063492
0.89968	94.7008547
0.90138	94.8962149
0.90308	94.23687424
0.90478	93.65079365
0.90648	94.09035409
0.90818	93.28449328
0.90988	93.38217338
0.91158	92.86935287
0.91328	92.45421245
0.91498	92.57631258
0.91668	91.77045177
0.91838	91.91697192
0.92008	91.5018315
0.92178	91.20879121
0.92348	91.18437118
0.92518	90.76923077
0.92688	90.67155067
0.92858	90.03663004
0.93028	90.08547009
0.93198	89.79242979
0.93368	89.42612943
0.93538	89.47496947
0.93708	88.74236874
0.93878	88.64468864
0.94048	88.47374847
0.94218	88.62026862
0.94388	88.08302808
0.94558	87.52136752
0.94728	87.81440781
0.94898	87.54578755
0.95068	86.98412698
0.95238	86.64224664
0.95408	86.37362637
0.95578	86.12942613
0.95748	85.86080586
0.95918	85.83638584
0.96088	85.61660562
0.96258	85.27472527
0.96428	84.90842491
0.96598	85.07936508
0.96768	84.44444444
0.96938	84.3956044
0.97108	84.12698413
0.97278	83.71184371
0.97448	83.68742369
0.97618	83.22344322
0.97788	83.05250305
0.97958	82.93040293
0.98128	82.31990232
0.98298	82.02686203
0.98468	82.12454212
0.98638	81.53846154
0.98808	81.68498168
0.98978	81.17216117
0.99148	80.97680098
0.99318	80.9035409
0.99488	80.78144078
0.99658	80.04884005
0.99828	80.1953602
0.99998	79.43833944
1.00168	79.95115995
1.00338	79.56043956
1.00508	78.8034188
1.00678	78.92551893
1.00848	78.73015873
1.01018	78.60805861
1.01188	77.97313797
1.01358	77.92429792
1.01528	77.48473748
1.01698	77.26495726
1.01868	77.06959707
1.02038	76.996337
1.02208	76.84981685
1.02378	76.50793651
1.02548	76.58119658
1.02718	76.04395604
1.02888	75.77533578
1.03058	75.67765568
1.03228	75.21367521
1.03398	74.7985348
1.03568	74.99389499
1.03738	74.82295482
1.03908	74.28571429
1.04078	74.38339438
1.04248	74.13919414
1.04418	73.84615385
1.04588	73.38217338
1.04758	72.99145299
1.04928	72.86935287
1.05098	72.67399267
1.05268	72.35653236
1.05438	72.28327228
1.05608	71.86813187
1.05778	71.6971917
1.05948	71.45299145
1.06118	71.4041514
1.06288	71.30647131
1.06458	70.5006105
1.06628	70.76923077
1.06798	70.47619048
1.06968	70.52503053
1.07138	69.74358974
1.07308	69.76800977
1.07478	69.57264957
1.07648	69.15750916
1.07818	68.93772894
1.07988	68.71794872
1.08158	68.84004884
1.08328	68.4004884
1.08498	68.32722833
1.08668	67.98534799
1.08838	67.52136752
1.09008	67.57020757
1.09178	67.35042735
1.09348	66.61782662
1.09518	66.73992674
1.09688	66.2026862
1.09858	66.25152625
1.10028	66.17826618
1.10198	66.03174603
1.10368	66.00732601
1.10538	65.2991453
1.10708	65.25030525
1.10878	65.54334554
1.11048	64.78632479
1.11218	64.42002442
1.11388	64.24908425
1.11558	64.2002442
1.11728	63.71184371
1.11898	63.93162393
1.12068	63.34554335
1.12238	63.46764347
1.12408	63.003663
1.12578	62.78388278
1.12748	62.44200244
1.12918	62.39316239
1.13088	61.78266178
1.13258	61.92918193
1.13428	61.51404151
1.13598	61.17216117
1.13768	61.44078144
1.13938	60.63492063
1.14108	61.22100122
1.14278	60.9035409
1.14448	59.87789988
1.14618	60.0976801
1.14788	59.70695971
1.14958	59.70695971
1.15128	59.41391941
1.15298	59.16971917
1.15468	58.998779
1.15638	58.60805861
1.15808	58.38827839
1.15978	58.0952381
1.16148	58.02197802
1.16318	58.29059829
1.16488	57.85103785
1.16658	57.43589744
1.16828	57.28937729
1.16998	57.48473748
1.17168	56.58119658
1.17338	56.43467643
1.17508	56.72771673
1.17678	56.26373626
1.17848	55.82417582
1.18018	55.77533578
1.18188	55.48229548
1.18358	55.53113553
1.18528	55.06715507
1.18698	55.14041514
1.18868	54.8962149
1.19038	54.45665446
1.19208	54.04151404
1.19378	54.06593407
1.19548	53.5042735
1.19718	53.67521368
1.19888	53.28449328
1.20058	52.94261294
1.20228	53.06471306
1.20398	52.67399267
1.20568	52.52747253
1.20738	52.21001221
1.20908	52.40537241
1.21078	52.01465201
1.21248	51.77045177
1.21418	51.52625153
1.21588	51.23321123
1.21758	50.86691087
1.21928	50.54945055
1.22098	50.5006105
1.22268	50.52503053
1.22438	50.35409035
1.22608	50.5006105
1.22778	49.5970696
1.22948	49.71916972
1.23118	49.35286935
1.23288	49.03540904
1.23458	48.84004884
1.23628	48.4004884
1.23798	48.32722833
1.23968	48.08302808
1.24138	48.05860806
1.24308	48.15628816
1.24478	47.98534799
1.24648	47.78998779
1.24818	47.4969475
1.24988	47.47252747
1.25158	47.08180708
1.25328	46.83760684
1.25498	46.91086691
1.25668	46.59340659
1.25838	46.37362637
1.26008	46.03174603
1.26178	45.98290598
1.26348	45.88522589
1.26518	45.3968254
1.26688	45.2991453
1.26858	45.12820513
1.27028	44.90842491
1.27198	44.51770452
1.27368	44.51770452
1.27538	44.2979243
1.27708	43.88278388
1.27878	44.17582418
1.28048	43.66300366
1.28218	43.56532357
1.28388	43.39438339
1.28558	43.17460317
1.28728	43.2967033
1.28898	43.05250305
1.29068	42.97924298
1.29238	42.51526252
1.29408	42.07570208
1.29578	42.24664225
1.29748	41.97802198
1.29918	41.51404151
1.30088	41.73382173
1.30258	41.58730159
1.30428	41.34310134
1.30598	41.1965812
1.30768	40.75702076
1.30938	40.83028083
1.31108	40.51282051
1.31278	40.12210012
1.31448	40.1953602
1.31618	39.95115995
1.31788	39.78021978
1.31958	39.24297924
1.32128	39.21855922
1.32298	39.73137973
1.32468	38.87667888
1.32638	38.92551893
1.32808	38.77899878
1.32978	38.85225885
1.33148	38.51037851
1.33318	38.33943834
1.33488	37.87545788
1.33658	37.94871795
1.33828	37.06959707
1.33998	37.50915751
1.34168	37.38705739
1.34338	37.41147741
1.34508	37.06959707
1.34678	36.67887668
1.34848	36.38583639
1.35018	36.72771673
1.35188	36.26373626
1.35358	35.92185592
1.35528	35.75091575
1.35698	35.33577534
1.35868	35.55555556
1.36038	35.31135531
1.36208	35.72649573
1.36378	35.31135531
1.36548	35.16483516
1.36718	35.04273504
1.36888	34.94505495
1.37058	34.65201465
1.37228	34.40781441
1.37398	33.99267399
1.37568	33.77289377
1.37738	34.13919414
1.37908	33.7973138
1.38078	33.55311355
1.38248	33.57753358
1.38418	33.01587302
1.38588	33.18681319
1.38758	32.91819292
1.38928	33.06471306
1.39098	33.16239316
1.39268	32.45421245
1.39438	32.38095238
1.39608	32.45421245
1.39778	32.06349206
1.39948	31.81929182
1.40118	31.6971917
1.40288	31.55067155
1.40458	31.64835165
1.40628	31.30647131
1.40798	31.25763126
1.40968	31.35531136
1.41138	31.15995116
1.41308	30.5982906
1.41478	30.08547009
1.41648	30.25641026
1.41818	30.54945055
1.41988	30.08547009
1.42158	29.89010989
1.42328	29.76800977
1.42498	29.57264957
1.42668	29.71916972
1.42838	29.67032967
1.43008	29.67032967
1.43178	29.18192918
1.43348	29.18192918
1.43518	28.57142857
1.43688	28.54700855
1.43858	28.98656899
1.44028	28.05860806
1.44198	28.88888889
1.44368	28.22954823
1.44538	28.66910867
1.44708	28.3028083
1.44878	28.03418803
1.45048	27.91208791
1.45218	27.66788767
1.45388	27.25274725
1.45558	27.3015873
1.45728	27.22832723
1.45898	27.25274725
1.46068	26.95970696
1.46238	27.3015873
1.46408	26.93528694
1.46578	26.83760684
1.46748	26.81318681
1.46918	26.76434676
1.47088	26.56898657
1.47258	26.42246642
1.47428	25.95848596
1.47598	26.05616606
1.47768	26.10500611
1.47938	25.59218559
1.48108	25.64102564
1.48278	25.44566545
1.48448	25.71428571
1.48618	25.2014652
1.48788	25.3968254
1.48958	24.85958486
1.49128	25.42124542
1.49298	24.56654457
1.49468	24.63980464
1.49638	24.56654457
1.49808	24.42002442
1.49978	24.22466422
1.50148	24.07814408
1.50318	24.44444444
1.50488	24.2002442
1.50658	24.1025641
1.50828	23.68742369
1.50998	24.12698413
1.51168	23.83394383
1.51338	23.49206349
1.51508	23.46764347
1.51678	23.51648352
1.51848	23.41880342
1.52018	23.05250305
1.52188	23.2967033
1.52358	23.1990232
1.52528	22.85714286
1.52698	22.85714286
1.52868	22.66178266
1.53038	22.73504274
1.53208	22.24664225
1.53378	22.1978022
1.53548	22.56410256
1.53718	22.22222222
1.53888	22.34432234
1.54058	21.75824176
1.54228	22.41758242
1.54398	21.83150183
1.54568	22.02686203
1.54738	21.66056166
1.54908	21.78266178
1.55078	21.46520147
1.55248	21.46520147
1.55418	21.26984127
1.55588	21.36752137
1.55758	21.36752137
1.55928	21.44078144
1.56098	20.92796093
1.56268	21.22100122
1.56438	20.65934066
1.56608	20.63492063
1.56778	20.95238095
1.56948	20.63492063
1.57118	20.36630037
1.57288	20.34188034
1.57458	19.9023199
1.57628	20.39072039
1.57798	20.14652015
1.57968	20
1.58138	20.43956044
1.58308	19.97557998
1.58478	19.87789988
1.58648	19.97557998
1.58818	19.60927961
1.58988	19.56043956
1.59158	19.56043956
1.59328	19.26739927
1.59498	19.36507937
1.59668	19.70695971
1.59838	19.51159951
1.60008	19.31623932
1.60178	19.34065934
1.60348	19.43833944
1.60518	19.24297924
1.60688	18.65689866
1.60858	18.60805861
1.61028	19.02319902
1.61198	18.51037851
1.61368	18.65689866
1.61538	18.38827839
1.61708	18.60805861
1.61878	18.53479853
1.62048	18.77899878
1.62218	18.60805861
1.62388	18.55921856
1.62558	18.29059829
1.62728	18.16849817
1.62898	18.48595849
1.63068	18.33943834
1.63238	17.997558
1.63408	18.14407814
1.63578	17.97313797
1.63748	18.33943834
1.63918	17.8021978
1.64088	17.58241758
1.64258	18.07081807
1.64428	17.8021978
1.64598	17.38705739
1.64768	17.26495726
1.64938	17.53357753
1.65108	17.33821734
1.65278	16.996337
1.65448	17.41147741
1.65618	17.43589744
1.65788	17.06959707
1.65958	17.14285714
1.66128	16.82539683
1.66298	17.16727717
1.66468	17.14285714
1.66638	16.8986569
1.66808	16.48351648
1.66978	16.996337
1.67148	16.77655678
1.67318	16.38583639
1.67488	16.31257631
1.67658	16.45909646
1.67828	17.04517705
1.67998	16.50793651
1.68168	16.72771673
1.68338	16.65445665
1.68508	16.7032967
1.68678	16.26373626
1.68848	16.31257631
1.69018	16.33699634
1.69188	15.92185592
1.69358	15.94627595
1.69528	15.94627595
1.69698	15.92185592
1.69868	16.09279609
1.70038	15.92185592
1.70208	16.01953602
1.70378	15.97069597
1.70548	15.82417582
1.70718	15.23809524
1.70888	15.38461538
1.71058	15.67765568
1.71228	15.36019536
1.71398	15.53113553
1.71568	15.6043956
1.71738	15.50671551
1.71908	15.55555556
1.72078	15.26251526
1.72248	15.16483516
1.72418	15.40903541
1.72588	15.28693529
1.72758	15.28693529
1.72928	15.21367521
1.73098	15.01831502
1.73268	14.84737485
1.73438	14.84737485
1.73608	14.55433455
1.73778	14.84737485
1.73948	14.99389499
1.74118	14.92063492
1.74288	14.65201465
1.74458	14.6031746
1.74628	14.28571429
1.74798	14.18803419
1.74968	14.50549451
1.75138	14.72527473
1.75308	14.57875458
1.75478	14.43223443
1.75648	14.50549451
1.75818	14.55433455
1.75988	14.28571429
1.76158	14.33455433
1.76328	14.38339438
1.76498	14.48107448
1.76668	14.50549451
1.76838	13.45543346
1.77008	13.99267399
1.77178	14.31013431
1.77348	13.87057387
1.77518	13.77289377
1.77688	14.18803419
1.77858	14.06593407
1.78028	13.5042735
1.78198	13.87057387
1.78368	13.57753358
1.78538	13.77289377
1.78708	13.65079365
1.78878	13.62637363
1.79048	13.77289377
1.79218	13.5042735
1.79388	13.26007326
1.79558	13.33333333
1.79728	13.28449328
1.79898	13.77289377
1.80068	13.6019536
1.80238	13.06471306
1.80408	12.94261294
1.80578	13.11355311
1.80748	12.99145299
1.80918	13.01587302
1.81088	12.99145299
1.81258	12.82051282
1.81428	12.89377289
1.81598	12.86935287
1.81768	13.23565324
1.81938	12.96703297
1.82108	12.77167277
1.82278	12.77167277
1.82448	12.64957265
1.82618	12.7960928
1.82788	12.47863248
1.82958	12.74725275
1.83128	12.57631258
1.83298	12.55189255
1.83468	12.40537241
1.83638	12.21001221
1.83808	12.52747253
1.83978	12.30769231
1.84148	12.30769231
1.84318	12.06349206
1.84488	12.30769231
1.84658	11.72161172
1.84828	11.84371184
1.84998	12.06349206
1.85168	12.01465201
1.85338	11.89255189
1.85508	11.84371184
1.85678	11.86813187
1.85848	12.03907204
1.86018	11.77045177
1.86188	12.16117216
1.86358	11.37973138
1.86528	12.16117216
1.86698	11.5018315
1.86868	11.47741148
1.87038	11.52625153
1.87208	11.45299145
1.87378	11.57509158
1.87548	11.20879121
1.87718	11.6971917
1.87888	11.45299145
1.88058	11.45299145
1.88228	11.57509158
1.88398	11.13553114
1.88568	11.55067155
1.88738	11.37973138
1.88908	11.20879121
1.89078	11.11111111
1.89248	10.96459096
1.89418	11.01343101
1.89588	11.01343101
1.89758	11.30647131
1.89928	10.98901099
1.90098	10.67155067
1.90268	10.81807082
1.90438	11.01343101
1.90608	10.47619048
1.90778	10.52503053
1.90948	10.45177045
1.91118	10.72039072
1.91288	10.52503053
1.91458	10.5006105
1.91628	10.81807082
1.91798	10.6959707
1.91968	10.72039072
1.92138	10.52503053
1.92308	10.10989011
1.92478	10.35409035
1.92648	9.645909646
1.92818	10.01221001
1.92988	10.01221001
1.93158	9.816849817
1.93328	10.06105006
1.93498	9.89010989
1.93668	10.06105006
1.93838	10.06105006
1.94008	9.938949939
1.94178	10.15873016
1.94348	9.865689866
1.94518	10.01221001
1.94688	9.426129426
1.94858	9.621489621
1.95028	9.694749695
1.95198	9.865689866
1.95368	9.645909646
1.95538	9.255189255
1.95708	9.841269841
1.95878	9.768009768
1.96048	9.597069597
1.96218	9.597069597
1.96388	9.157509158
1.96558	9.157509158
1.96728	9.206349206
1.96898	8.791208791
1.97068	9.010989011
1.97238	9.084249084
1.97408	9.133089133
1.97578	9.597069597
1.97748	9.523809524
1.97918	9.133089133
1.98088	9.035409035
1.98258	8.937728938
1.98428	8.84004884
1.98598	8.791208791
1.98768	8.669108669
1.98938	8.62026862
1.99108	8.864468864
1.99278	8.986568987
1.99448	8.473748474
1.99618	8.864468864
1.99788	8.644688645
1.99958	8.644688645
2.00128	8.644688645
2.00298	8.22954823
2.00468	8.180708181
2.00638	8.449328449
2.00808	8.205128205
2.00978	8.107448107
2.01148	8.424908425
2.01318	7.960927961
2.01488	8.449328449
2.01658	8.205128205
2.01828	8.083028083
2.01998	8.278388278
2.02168	7.936507937
2.02338	7.863247863
2.02508	7.716727717
2.02678	7.78998779
2.02848	7.472527473
2.03018	7.765567766
2.03188	7.667887668
2.03358	7.741147741
2.03528	7.448107448
2.03698	7.78998779
2.03868	7.667887668
2.04038	7.667887668
2.04208	7.472527473
2.04378	7.667887668
2.04548	7.277167277
2.04718	7.155067155
2.04888	7.496947497
2.05058	7.252747253
2.05228	7.106227106
2.05398	7.496947497
2.05568	7.179487179
2.05738	7.594627595
2.05908	7.081807082
2.06078	7.301587302
2.06248	7.179487179
2.06418	7.228327228
2.06588	7.008547009
2.06758	6.837606838
2.06928	7.032967033
2.07098	6.95970696
2.07268	7.203907204
2.07438	6.617826618
2.07608	7.032967033
2.07778	6.642246642
2.07948	6.862026862
2.08118	6.251526252
2.08288	6.495726496
2.08458	6.617826618
2.08628	6.544566545
2.08798	6.178266178
2.08968	5.860805861
2.09138	6.349206349
2.09308	6.52014652
2.09478	6.251526252
2.09648	6.642246642
2.09818	6.398046398
2.09988	6.446886447
2.10158	6.349206349
2.10328	6.251526252
2.10498	6.105006105
2.10668	5.934065934
2.10838	6.227106227
2.11008	5.592185592
2.11178	5.811965812
2.11348	6.007326007
2.11518	5.885225885
2.11688	6.251526252
2.11858	6.056166056
2.12028	6.227106227
2.12198	5.68986569
2.12368	5.445665446
2.12538	5.811965812
2.12708	5.47008547
2.12878	5.494505495
2.13048	5.323565324
2.13218	5.738705739
2.13388	5.665445665
2.13558	5.25030525
2.13728	5.518925519
2.13898	5.323565324
2.14068	5.68986569
2.14238	5.543345543
2.14408	5.274725275
2.14578	5.567765568
2.14748	5.25030525
2.14918	5.372405372
2.15088	5.25030525
2.15258	5.518925519
2.15428	5.445665446
2.15598	5.396825397
2.15768	5.68986569
2.15938	5.421245421
2.16108	5.323565324
2.16278	4.786324786
2.16448	5.421245421
2.16618	5.25030525
2.16788	5.054945055
2.16958	5.152625153
2.17128	4.761904762
2.17298	4.85958486
2.17468	4.810744811
2.17638	4.981684982
2.17808	4.63980464
2.17978	4.908424908
2.18148	5.006105006
2.18318	4.590964591
2.18488	4.884004884
2.18658	4.932844933
2.18828	4.542124542
2.18998	4.371184371
2.19168	4.761904762
2.19338	4.688644689
2.19508	4.395604396
2.19678	4.786324786
2.19848	4.42002442
2.20018	4.566544567
2.20188	4.688644689
2.20358	4.590964591
2.20528	4.468864469
2.20698	4.42002442
2.20868	4.126984127
2.21038	4.322344322
2.21208	4.224664225
2.21378	4.371184371
2.21548	4.126984127
2.21718	4.249084249
2.21888	4.371184371
2.22058	4.004884005
2.22228	3.785103785
2.22398	3.956043956
2.22568	3.931623932
2.22738	3.858363858
2.22908	4.102564103
2.23078	4.151404151
2.23248	4.004884005
2.23418	3.882783883
2.23588	4.126984127
2.23758	3.931623932
2.23928	3.663003663
2.24098	4.224664225
2.24268	3.58974359
2.24438	3.492063492
2.24608	3.614163614
2.24778	3.638583639
2.24948	3.467643468
2.25118	3.614163614
2.25288	3.858363858
2.25458	3.687423687
2.25628	3.711843712
2.25798	3.760683761
2.25968	3.394383394
2.26138	3.565323565
2.26308	3.467643468
2.26478	3.492063492
2.26648	2.954822955
2.26818	3.36996337
2.26988	3.125763126
2.27158	3.174603175
2.27328	3.540903541
2.27498	3.272283272
2.27668	3.345543346
2.27838	3.565323565
2.28008	3.321123321
2.28178	3.125763126
2.28348	3.15018315
2.28518	3.345543346
2.28688	3.125763126
2.28858	2.881562882
2.29028	3.052503053
2.29198	2.735042735
2.29368	2.832722833
2.29538	2.979242979
2.29708	2.857142857
2.29878	3.125763126
2.30048	2.857142857
2.30218	3.003663004
2.30388	3.028083028
2.30558	2.735042735
2.30728	2.783882784
2.30898	2.735042735
2.31068	2.93040293
2.31238	2.857142857
2.31408	2.832722833
2.31578	2.979242979
2.31748	2.808302808
2.31918	3.003663004
2.32088	2.53968254
2.32258	2.53968254
2.32428	2.564102564
2.32598	2.612942613
2.32768	2.490842491
2.32938	2.442002442
2.33108	2.368742369
2.33278	2.661782662
2.33448	2.905982906
2.33618	2.661782662
2.33788	2.222222222
2.33958	2.466422466
2.34128	2.344322344
2.34298	2.222222222
2.34468	2.368742369
2.34638	2.124542125
2.34808	2.466422466
2.34978	1.831501832
2.35148	2.368742369
2.35318	2.393162393
2.35488	2.31990232
2.35658	2.515262515
2.35828	1.929181929
2.35998	2.246642247
2.36168	2.271062271
2.36338	2.026862027
2.36508	2.173382173
2.36678	1.904761905
2.36848	2.31990232
2.37018	1.807081807
2.37188	2.271062271
2.37358	1.855921856
2.37528	2.148962149
2.37698	1.684981685
2.37868	1.953601954
2.38038	2.197802198
2.38208	1.758241758
2.38378	1.684981685
2.38548	1.831501832
2.38718	1.88034188
2.38888	1.904761905
2.39058	2.026862027
2.39228	1.709401709
2.39398	1.855921856
2.39568	1.782661783
2.39738	1.587301587
2.39908	1.684981685
2.40078	1.807081807
2.40248	1.367521368
2.40418	1.684981685
2.40588	1.636141636
2.40758	1.514041514
2.40928	1.611721612
2.41098	1.221001221
2.41268	2.197802198
2.41438	1.782661783
2.41608	1.636141636
2.41778	1.098901099
2.41948	1.562881563
2.42118	1.48962149
2.42288	1.465201465
2.42458	1.684981685
2.42628	1.294261294
2.42798	1.391941392
2.42968	1.147741148
2.43138	1.391941392
2.43308	1.440781441
2.43478	1.391941392
2.43648	1.245421245
2.43818	1.221001221
2.43988	1.123321123
2.44158	1.26984127
2.44328	1.123321123
2.44498	0.927960928
2.44668	1.074481074
2.44838	1.318681319
2.45008	0.9035409035
2.45178	0.927960928
2.45348	0.8058608059
2.45518	0.8791208791
2.45688	1.367521368
2.45858	1.343101343
2.46028	1.538461538
2.46198	0.8791208791
2.46368	0.8302808303
2.46538	1.147741148
2.46708	1.025641026
2.46878	0.8547008547
2.47048	0.9035409035
2.47218	1.147741148
2.47388	0.9035409035
2.47558	1.123321123
2.47728	0.6349206349
2.47898	0.757020757
2.48068	1.05006105
2.48238	0.4395604396
2.48408	0.757020757
2.48578	0.9523809524
2.48748	0.8302808303
2.48918	0.6593406593
2.49088	0.9035409035
2.49258	0.9523809524
2.49428	0.5128205128
2.49598	1.001221001
2.49768	0.8547008547
2.49938	0.927960928
2.50108	0.3174603175
2.50278	0.6349206349
2.50448	0.6349206349
2.50618	0.7081807082
2.50788	0.6593406593
2.50958	0.7814407814
2.51128	0.757020757
2.51298	0.927960928
2.51468	0.8302808303
2.51638	0.5372405372
2.51808	0.3663003663
2.51978	0.6105006105
2.52148	0.757020757
2.52318	0.5128205128
2.52488	0.1221001221
2.52658	0.5860805861
2.52828	0.4884004884
2.52998	0.5372405372
2.53168	0.5860805861
2.53338	0.2197802198
2.53508	0.4884004884
2.53678	0.6105006105
2.53848	0.5616605617
2.54018	0.4884004884
2.54188	0.5372405372
2.54358	0.6349206349
2.54528	0.1221001221
2.54698	0.757020757
2.54868	0.9035409035
2.55038	0.2686202686
2.55208	0.293040293
2.55378	0.3174603175
2.55548	0.3174603175
2.55718	0.1709401709
2.55888	0.3174603175
2.56058	0.5372405372
2.56228	0.6105006105
2.56398	0.463980464
2.56568	0.7326007326
2.56738	0.7081807082
2.56908	0.4884004884
2.57078	0.8547008547
2.57248	0.3663003663
2.57418	0.4884004884
2.57588	0.7081807082
2.57758	0.463980464
2.57928	0.3418803419
2.58098	0.5616605617
2.58268	0.4884004884
2.58438	0.757020757
2.58608	0.8547008547
2.58778	0.5860805861
2.58948	0.5860805861
2.59118	0.6349206349
2.59288	0.4151404151
2.59458	0.8058608059
2.59628	0.7814407814
2.59798	0.7814407814
2.59968	0.5616605617
2.60138	0.6837606838
2.60308	1.098901099
2.60478	0.8791208791
2.60648	1.025641026
2.60818	1.196581197
2.60988	1.26984127
2.61158	0.8547008547
2.61328	0.7081807082
2.61498	0.9035409035
2.61668	0.9523809524
2.61838	1.05006105
2.62008	0.7326007326
2.62178	0.9523809524
2.62348	0.7326007326
2.62518	1.245421245
2.62688	0.9035409035
2.62858	1.196581197
2.63028	1.245421245
2.63198	1.05006105
2.63368	0.8791208791
2.63538	0.9768009768
2.63708	0.7814407814
2.63878	1.074481074
2.64048	1.367521368
2.64218	1.367521368
2.64388	1.343101343
2.64558	1.367521368
2.64728	1.172161172
2.64898	1.147741148
2.65068	1.367521368
2.65238	1.343101343
2.65408	1.343101343
2.65578	1.172161172
2.65748	1.245421245
2.65918	1.196581197
2.66088	1.221001221
2.66258	1.758241758
2.66428	1.684981685
2.66598	1.660561661
2.66768	1.294261294
2.66938	1.758241758
2.67108	1.514041514
2.67278	1.221001221
2.67448	1.074481074
2.67618	1.587301587
2.67788	1.465201465
2.67958	1.221001221
2.68128	1.611721612
2.68298	1.709401709
2.68468	1.758241758
2.68638	1.807081807
2.68808	1.904761905
2.68978	1.660561661
2.69148	1.709401709
2.69318	1.733821734
2.69488	1.929181929
2.69658	1.953601954
2.69828	1.733821734
2.69998	1.587301587
2.70168	1.929181929
2.70338	1.953601954
2.70508	2.051282051
2.70678	1.48962149
2.70848	1.562881563
2.71018	1.978021978
2.71188	1.538461538
2.71358	1.831501832
2.71528	2.026862027
2.71698	1.831501832
2.71868	2.124542125
2.72038	2.002442002
2.72208	2.246642247
2.72378	2.246642247
2.72548	2.075702076
2.72718	1.904761905
2.72888	2.197802198
2.73058	2.148962149
2.73228	1.855921856
2.73398	1.709401709
2.73568	1.904761905
2.73738	1.611721612
2.73908	2.295482295
2.74078	2.1001221
2.74248	2.271062271
2.74418	2.222222222
2.74588	2.393162393
2.74758	2.124542125
2.74928	2.490842491
2.75098	2.271062271
2.75268	1.855921856
2.75438	1.88034188
2.75608	2.344322344
2.75778	2.490842491
2.75948	2.442002442
2.76118	2.417582418
2.76288	2.246642247
2.76458	2.344322344
2.76628	2.612942613
2.76798	2.344322344
2.76968	2.31990232
2.77138	2.246642247
2.77308	2.295482295
2.77478	2.417582418
2.77648	2.31990232
2.77818	3.003663004
2.77988	2.368742369
2.78158	2.393162393
2.78328	2.832722833
2.78498	2.344322344
2.78668	2.759462759
2.78838	2.710622711
2.79008	2.832722833
2.79178	2.368742369
2.79348	2.490842491
2.79518	2.417582418
2.79688	2.857142857
2.79858	2.832722833
2.80028	2.661782662
2.80198	2.759462759
2.80368	2.832722833
2.80538	2.881562882
2.80708	2.368742369
2.80878	2.808302808
2.81048	2.637362637
2.81218	2.368742369
2.81388	2.637362637
2.81558	2.783882784
2.81728	2.808302808
2.81898	3.028083028
2.82068	2.735042735
2.82238	3.028083028
2.82408	3.223443223
2.82578	2.954822955
2.82748	2.735042735
2.82918	3.199023199
2.83088	2.832722833
2.83258	2.808302808
2.83428	2.93040293
2.83598	2.93040293
2.83768	2.783882784
2.83938	3.247863248
2.84108	3.052503053
2.84278	2.93040293
2.84448	2.954822955
2.84618	3.223443223
2.84788	2.466422466
2.84958	2.881562882
2.85128	2.783882784
2.85298	2.735042735
2.85468	3.003663004
2.85638	3.467643468
2.85808	3.052503053
2.85978	2.735042735
2.86148	3.247863248
2.86318	3.540903541
2.86488	3.15018315
2.86658	3.076923077
2.86828	3.003663004
2.86998	3.174603175
2.87168	3.003663004
2.87338	2.832722833
2.87508	3.174603175
2.87678	3.125763126
2.87848	3.125763126
2.88018	3.247863248
2.88188	3.467643468
2.88358	3.247863248
2.88528	3.174603175
2.88698	3.492063492
2.88868	3.516483516
2.89038	3.247863248
2.89208	3.247863248
2.89378	3.199023199
2.89548	3.125763126
2.89718	3.467643468
2.89888	3.565323565
2.90058	3.272283272
2.90228	3.58974359
2.90398	3.296703297
2.90568	3.247863248
2.90738	3.540903541
2.90908	3.492063492
2.91078	3.516483516
2.91248	3.223443223
2.91418	3.296703297
2.91588	3.467643468
2.91758	3.785103785
2.91928	3.272283272
2.92098	3.833943834
2.92268	3.907203907
2.92438	3.58974359
2.92608	3.638583639
2.92778	3.833943834
2.92948	3.663003663
2.93118	3.418803419
2.93288	3.418803419
2.93458	3.418803419
2.93628	3.638583639
2.93798	3.58974359
2.93968	3.614163614
2.94138	3.833943834
2.94308	3.956043956
2.94478	3.80952381
2.94648	3.614163614
2.94818	3.247863248
2.94988	3.736263736
2.95158	3.736263736
2.95328	3.565323565
2.95498	3.296703297
2.95668	3.565323565
2.95838	3.711843712
2.96008	3.833943834
2.96178	3.80952381
2.96348	3.785103785
2.96518	3.736263736
2.96688	3.394383394
2.96858	3.882783883
2.97028	4.126984127
2.97198	3.80952381
2.97368	3.345543346
2.97538	4.004884005
2.97708	3.540903541
2.97878	3.58974359
2.98048	3.931623932
2.98218	3.833943834
2.98388	3.760683761
2.98558	3.785103785
2.98728	3.638583639
2.98898	3.760683761
2.99068	3.711843712
2.99238	3.833943834
2.99408	3.36996337
2.99578	3.663003663
2.99748	3.931623932
2.99918	3.467643468
3.00088	3.858363858
3.00258	4.126984127
3.00428	4.151404151
3.00598	3.882783883
3.00768	3.833943834
3.00938	3.882783883
3.01108	3.80952381
3.01278	3.98046398
3.01448	3.638583639
3.01618	3.687423687
3.01788	3.760683761
3.01958	3.760683761
3.02128	3.956043956
3.02298	3.882783883
3.02468	4.102564103
3.02638	3.907203907
3.02808	3.882783883
3.02978	3.98046398
3.03148	3.614163614
3.03318	3.614163614
3.03488	3.833943834
3.03658	3.736263736
3.03828	4.2002442
3.03998	3.711843712
3.04168	4.297924298
3.04338	4.273504274
3.04508	3.907203907
3.04678	3.736263736
3.04848	3.98046398
3.05018	3.882783883
3.05188	3.687423687
3.05358	3.565323565
3.05528	3.736263736
3.05698	4.053724054
3.05868	4.029304029
3.06038	4.029304029
3.06208	4.175824176
3.06378	4.395604396
3.06548	4.273504274
3.06718	4.053724054
3.06888	3.785103785
3.07058	3.736263736
3.07228	3.98046398
3.07398	4.175824176
3.07568	3.907203907
3.07738	4.273504274
3.07908	4.322344322
3.08078	4.151404151
3.08248	4.273504274
3.08418	4.029304029
3.08588	3.80952381
3.08758	3.98046398
3.08928	3.687423687
3.09098	3.760683761
3.09268	3.614163614
3.09438	3.687423687
3.09608	3.614163614
3.09778	4.151404151
3.09948	4.029304029
3.10118	3.931623932
3.10288	4.224664225
3.10458	4.078144078
3.10628	3.760683761
3.10798	3.418803419
3.10968	4.371184371
3.11138	3.882783883
3.11308	3.785103785
3.11478	4.004884005
3.11648	4.224664225
3.11818	3.907203907
3.11988	3.907203907
3.12158	4.102564103
3.12328	3.760683761
3.12498	4.078144078
3.12668	4.2002442
3.12838	3.736263736
3.13008	3.956043956
3.13178	3.907203907
3.13348	3.711843712
3.13518	3.736263736
3.13688	4.175824176
3.13858	4.151404151
3.14028	3.443223443
3.14198	4.2002442
3.14368	4.004884005
3.14538	3.98046398
3.14708	3.98046398
3.14878	3.858363858
3.15048	4.322344322
3.15218	4.102564103
3.15388	3.882783883
3.15558	3.907203907
3.15728	3.956043956
3.15898	3.760683761
3.16068	3.956043956
3.16238	4.444444444
3.16408	3.833943834
3.16578	3.956043956
3.16748	3.736263736
3.16918	3.833943834
3.17088	4.029304029
3.17258	4.004884005
3.17428	3.882783883
3.17598	3.931623932
3.17768	4.029304029
3.17938	4.053724054
3.18108	3.785103785
3.18278	4.493284493
3.18448	3.907203907
3.18618	3.931623932
3.18788	4.126984127
3.18958	4.053724054
3.19128	3.663003663
3.19298	3.785103785
3.19468	3.760683761
3.19638	3.98046398
3.19808	4.102564103
3.19978	3.956043956
3.20148	4.102564103
3.20318	4.151404151
3.20488	4.053724054
3.20658	4.053724054
3.20828	4.029304029
3.20998	4.175824176
3.21168	4.029304029
3.21338	3.663003663
3.21508	3.98046398
3.21678	3.98046398
3.21848	3.931623932
3.22018	4.102564103
3.22188	3.98046398
3.22358	4.029304029
3.22528	4.102564103
3.22698	3.58974359
3.22868	3.565323565
3.23038	3.785103785
3.23208	3.736263736
3.23378	3.614163614
3.23548	3.687423687
3.23718	3.931623932
3.23888	3.760683761
3.24058	3.833943834
3.24228	3.98046398
3.24398	3.931623932
3.24568	3.736263736
3.24738	3.687423687
3.24908	3.36996337
3.25078	3.663003663
3.25248	3.907203907
3.25418	3.858363858
3.25588	3.614163614
3.25758	3.931623932
3.25928	4.004884005
3.26098	3.931623932
3.26268	3.858363858
3.26438	3.785103785
3.26608	3.80952381
3.26778	3.736263736
3.26948	3.736263736
3.27118	3.80952381
3.27288	3.58974359
3.27458	3.882783883
3.27628	3.907203907
3.27798	3.956043956
3.27968	3.58974359
3.28138	3.931623932
3.28308	4.004884005
3.28478	4.175824176
3.28648	3.711843712
3.28818	3.907203907
3.28988	3.760683761
3.29158	3.833943834
3.29328	3.80952381
3.29498	3.711843712
3.29668	3.931623932
3.29838	3.80952381
3.30008	4.053724054
3.30178	4.029304029
3.30348	3.98046398
3.30518	3.98046398
3.30688	3.516483516
3.30858	3.711843712
3.31028	3.760683761
3.31198	3.858363858
3.31368	3.687423687
3.31538	3.833943834
3.31708	3.760683761
3.31878	3.858363858
3.32048	4.224664225
3.32218	3.98046398
3.32388	3.931623932
3.32558	4.078144078
3.32728	3.833943834
3.32898	3.858363858
3.33068	3.736263736
3.33238	3.687423687
3.33408	3.565323565
3.33578	3.760683761
3.33748	4.151404151
3.33918	3.80952381
3.34088	3.736263736
3.34258	3.785103785
3.34428	3.711843712
3.34598	3.711843712
3.34768	3.565323565
3.34938	3.614163614
3.35108	3.565323565
3.35278	3.736263736
3.35448	3.58974359
3.35618	4.102564103
3.35788	3.931623932
3.35958	3.833943834
3.36128	3.760683761
3.36298	3.907203907
3.36468	3.785103785
3.36638	3.565323565
3.36808	3.36996337
3.36978	3.858363858
3.37148	3.858363858
3.37318	3.80952381
3.37488	3.516483516
3.37658	4.395604396
3.37828	4.004884005
3.37998	3.663003663
3.38168	4.2002442
3.38338	4.053724054
3.38508	4.078144078
3.38678	3.516483516
3.38848	3.711843712
3.39018	3.760683761
3.39188	3.760683761
3.39358	3.58974359
3.39528	3.663003663
3.39698	4.029304029
3.39868	4.371184371
3.40038	3.638583639
3.40208	3.760683761
3.40378	3.785103785
3.40548	3.931623932
3.40718	3.785103785
3.40888	3.785103785
3.41058	3.687423687
3.41228	3.638583639
3.41398	4.053724054
3.41568	3.80952381
3.41738	4.053724054
3.41908	4.004884005
3.42078	3.98046398
3.42248	4.078144078
3.42418	3.736263736
3.42588	3.614163614
3.42758	3.907203907
3.42928	3.785103785
3.43098	3.516483516
3.43268	3.492063492
3.43438	3.540903541
3.43608	3.614163614
3.43778	3.80952381
3.43948	4.053724054
3.44118	3.565323565
3.44288	3.467643468
3.44458	3.687423687
3.44628	3.565323565
3.44798	3.858363858
3.44968	4.004884005
3.45138	3.614163614
3.45308	3.98046398
3.45478	3.711843712
3.45648	3.858363858
3.45818	3.956043956
3.45988	4.053724054
3.46158	3.663003663
3.46328	3.931623932
3.46498	3.711843712
3.46668	3.58974359
3.46838	3.418803419
3.47008	3.760683761
3.47178	3.540903541
3.47348	3.785103785
3.47518	3.760683761
3.47688	3.931623932
3.47858	3.614163614
3.48028	3.614163614
3.48198	3.663003663
3.48368	3.833943834
3.48538	3.540903541
3.48708	3.565323565
3.48878	3.785103785
3.49048	3.760683761
3.49218	3.785103785
3.49388	3.540903541
3.49558	3.565323565
3.49728	3.760683761
3.49898	3.98046398
3.50068	3.956043956
3.50238	4.004884005
3.50408	3.687423687
3.50578	3.687423687
3.50748	3.565323565
3.50918	3.36996337
3.51088	3.36996337
3.51258	3.833943834
3.51428	3.858363858
3.51598	3.663003663
3.51768	3.98046398
3.51938	4.029304029
3.52108	3.907203907
3.52278	3.858363858
3.52448	4.053724054
3.52618	3.58974359
3.52788	3.540903541
3.52958	3.760683761
3.53128	3.785103785
3.53298	3.98046398
3.53468	3.418803419
3.53638	3.907203907
3.53808	3.638583639
3.53978	3.638583639
3.54148	4.249084249
3.54318	3.614163614
3.54488	3.931623932
3.54658	3.58974359
3.54828	3.687423687
3.54998	3.565323565
3.55168	3.199023199
3.55338	3.80952381
3.55508	3.296703297
3.55678	3.931623932
3.55848	3.882783883
3.56018	3.394383394
3.56188	3.736263736
3.56358	3.36996337
3.56528	3.858363858
3.56698	3.58974359
3.56868	3.614163614
3.57038	3.565323565
3.57208	3.760683761
3.57378	4.078144078
3.57548	3.687423687
3.57718	3.907203907
3.57888	3.760683761
3.58058	3.882783883
3.58228	3.15018315
3.58398	3.58974359
3.58568	3.565323565
3.58738	3.516483516
3.58908	3.614163614
3.59078	3.272283272
3.59248	3.687423687
3.59418	3.467643468
3.59588	3.833943834
3.59758	4.029304029
3.59928	3.80952381
3.60098	3.833943834
3.60268	3.711843712
3.60438	3.638583639
3.60608	3.736263736
3.60778	3.345543346
3.60948	3.663003663
3.61118	3.760683761
3.61288	3.614163614
3.61458	3.80952381
3.61628	3.467643468
3.61798	3.833943834
3.61968	3.614163614
3.62138	3.882783883
3.62308	3.711843712
3.62478	3.540903541
3.62648	3.394383394
3.62818	3.418803419
3.62988	3.760683761
3.63158	3.394383394
3.63328	3.833943834
3.63498	3.345543346
3.63668	3.760683761
3.63838	3.931623932
3.64008	3.638583639
3.64178	3.565323565
3.64348	3.418803419
3.64518	3.516483516
3.64688	3.199023199
3.64858	3.516483516
3.65028	3.58974359
3.65198	3.663003663
3.65368	3.882783883
3.65538	3.345543346
3.65708	3.833943834
3.65878	3.833943834
3.66048	3.58974359
3.66218	3.467643468
3.66388	3.931623932
3.66558	3.760683761
3.66728	3.321123321
3.66898	3.540903541
3.67068	3.174603175
3.67238	3.663003663
3.67408	3.394383394
3.67578	3.638583639
3.67748	3.565323565
3.67918	3.565323565
3.68088	3.614163614
3.68258	3.418803419
3.68428	3.833943834
3.68598	3.58974359
3.68768	3.247863248
3.68938	3.931623932
3.69108	3.663003663
3.69278	3.638583639
3.69448	3.565323565
3.69618	3.443223443
3.69788	3.394383394
3.69958	3.345543346
3.70128	3.443223443
3.70298	3.394383394
3.70468	4.004884005
3.70638	3.247863248
3.70808	3.36996337
3.70978	3.760683761
3.71148	3.638583639
3.71318	3.516483516
3.71488	3.687423687
3.71658	3.614163614
3.71828	4.004884005
3.71998	3.80952381
3.72168	3.296703297
3.72338	3.663003663
3.72508	3.467643468
3.72678	3.394383394
3.72848	3.174603175
3.73018	3.272283272
3.73188	3.58974359
3.73358	3.418803419
3.73528	3.345543346
3.73698	3.785103785
3.73868	3.394383394
3.74038	3.565323565
3.74208	3.36996337
3.74378	3.223443223
3.74548	3.174603175
3.74718	3.345543346
3.74888	3.516483516
3.75058	2.881562882
3.75228	3.736263736
3.75398	3.394383394
3.75568	3.418803419
3.75738	3.760683761
3.75908	3.492063492
3.76078	3.785103785
3.76248	3.199023199
3.76418	3.15018315
3.76588	3.492063492
3.76758	3.199023199
3.76928	3.223443223
3.77098	3.492063492
3.77268	3.760683761
3.77438	3.467643468
3.77608	3.247863248
3.77778	3.736263736
3.77948	3.321123321
3.78118	3.565323565
3.78288	2.979242979
3.78458	3.247863248
3.78628	3.36996337
3.78798	3.028083028
3.78968	3.125763126
3.79138	3.247863248
3.79308	3.418803419
3.79478	3.199023199
3.79648	3.36996337
3.79818	3.272283272
3.79988	3.614163614
3.80158	3.467643468
3.80328	2.979242979
3.80498	3.296703297
3.80668	3.174603175
3.80838	2.881562882
3.81008	2.808302808
3.81178	3.296703297
3.81348	3.443223443
3.81518	3.345543346
3.81688	3.540903541
3.81858	3.540903541
3.82028	3.418803419
3.82198	3.223443223
3.82368	3.36996337
3.82538	3.443223443
3.82708	3.223443223
3.82878	2.881562882
3.83048	3.272283272
3.83218	3.467643468
3.83388	3.076923077
3.83558	3.467643468
3.83728	3.101343101
3.83898	2.954822955
3.84068	3.321123321
3.84238	3.052503053
3.84408	3.199023199
3.84578	2.979242979
3.84748	3.296703297
3.84918	3.101343101
3.85088	3.003663004
3.85258	3.125763126
3.85428	3.052503053
3.85598	3.443223443
3.85768	3.345543346
3.85938	3.15018315
3.86108	2.954822955
3.86278	3.125763126
3.86448	2.979242979
3.86618	3.15018315
3.86788	3.101343101
3.86958	3.028083028
3.87128	3.125763126
3.87298	3.223443223
3.87468	2.515262515
3.87638	3.052503053
3.87808	2.735042735
3.87978	2.881562882
3.88148	3.174603175
3.88318	2.808302808
3.88488	3.223443223
3.88658	2.783882784
3.88828	2.710622711
3.88998	2.686202686
3.89168	2.612942613
3.89338	2.808302808
3.89508	3.003663004
3.89678	3.15018315
3.89848	3.076923077
3.90018	3.028083028
3.90188	2.808302808
3.90358	2.466422466
3.90528	3.125763126
3.90698	2.686202686
3.90868	3.174603175
3.91038	2.564102564
3.91208	3.125763126
3.91378	3.467643468
3.91548	2.857142857
3.91718	2.686202686
3.91888	2.637362637
3.92058	3.052503053
3.92228	2.954822955
3.92398	2.979242979
3.92568	2.905982906
3.92738	2.564102564
3.92908	2.881562882
3.93078	2.53968254
3.93248	2.661782662
3.93418	2.93040293
3.93588	2.808302808
3.93758	3.003663004
3.93928	2.905982906
3.94098	2.53968254
3.94268	2.612942613
3.94438	2.637362637
3.94608	2.637362637
3.94778	2.564102564
3.94948	2.857142857
3.95118	2.954822955
3.95288	2.735042735
3.95458	2.808302808
3.95628	2.735042735
3.95798	2.686202686
3.95968	2.564102564
3.96138	2.466422466
3.96308	2.832722833
3.96478	2.417582418
3.96648	2.466422466
3.96818	2.588522589
3.96988	2.295482295
3.97158	2.661782662
3.97328	2.588522589
3.97498	2.808302808
3.97668	3.028083028
3.97838	2.759462759
3.98008	2.637362637
3.98178	2.442002442
3.98348	2.53968254
3.98518	2.490842491
3.98688	2.564102564
3.98858	2.148962149
3.99028	2.344322344
3.99198	2.564102564
3.99368	2.490842491
3.99538	2.612942613
3.99708	2.490842491
3.99878	2.881562882
4.00048	2.857142857
4.00218	2.588522589
4.00388	2.31990232
4.00558	2.197802198
4.00728	2.31990232
4.00898	2.31990232
4.01068	2.417582418
4.01238	2.93040293
4.01408	2.661782662
4.01578	2.442002442
4.01748	2.466422466
4.01918	2.564102564
4.02088	2.271062271
4.02258	2.271062271
4.02428	2.490842491
4.02598	2.246642247
4.02768	2.197802198
4.02938	2.148962149
4.03108	2.490842491
4.03278	2.490842491
4.03448	2.344322344
4.03618	2.393162393
4.03788	2.442002442
4.03958	2.759462759
4.04128	2.271062271
4.04298	2.53968254
4.04468	2.344322344
4.04638	1.733821734
4.04808	2.246642247
4.04978	2.31990232
4.05148	2.368742369
4.05318	2.466422466
4.05488	1.978021978
4.05658	2.53968254
4.05828	2.612942613
4.05998	2.612942613
4.06168	2.075702076
4.06338	2.344322344
4.06508	1.855921856
4.06678	2.197802198
4.06848	1.855921856
4.07018	2.197802198
4.07188	2.173382173
4.07358	2.148962149
4.07528	2.710622711
4.07698	2.417582418
4.07868	2.271062271
4.08038	2.417582418
4.08208	2.051282051
4.08378	1.611721612
4.08548	2.246642247
4.08718	2.31990232
4.08888	2.344322344
4.09058	2.31990232
4.09228	2.53968254
4.09398	1.758241758
4.09568	2.442002442
4.09738	1.953601954
4.09908	1.782661783
4.10078	2.1001221
4.10248	1.88034188
4.10418	2.344322344
4.10588	1.904761905
4.10758	2.1001221
4.10928	2.1001221
4.11098	2.026862027
4.11268	2.246642247
4.11438	1.855921856
4.11608	1.733821734
4.11778	2.148962149
4.11948	2.344322344
4.12118	2.002442002
4.12288	1.831501832
4.12458	1.904761905
4.12628	2.1001221
4.12798	2.222222222
4.12968	1.904761905
4.13138	1.88034188
4.13308	2.124542125
4.13478	1.733821734
4.13648	1.807081807
4.13818	1.855921856
4.13988	2.246642247
4.14158	1.929181929
4.14328	1.538461538
4.14498	1.807081807
4.14668	1.904761905
4.14838	1.709401709
4.15008	1.660561661
4.15178	2.173382173
4.15348	2.051282051
4.15518	1.978021978
4.15688	1.807081807
4.15858	2.173382173
4.16028	2.002442002
4.16198	1.294261294
4.16368	1.538461538
4.16538	1.807081807
4.16708	2.124542125
4.16878	1.684981685
4.17048	1.807081807
4.17218	1.807081807
4.17388	1.831501832
4.17558	1.587301587
4.17728	1.587301587
4.17898	1.831501832
4.18068	1.855921856
4.18238	1.733821734
4.18408	1.807081807
4.18578	1.416361416
4.18748	1.807081807
4.18918	1.611721612
4.19088	2.1001221
4.19258	1.562881563
4.19428	1.978021978
4.19598	1.636141636
4.19768	1.636141636
4.19938	1.562881563
4.20108	1.465201465
4.20278	1.611721612
4.20448	1.758241758
4.20618	1.660561661
4.20788	1.440781441
4.20958	1.636141636
4.21128	1.855921856
4.21298	1.709401709
4.21468	1.709401709
4.21638	1.782661783
4.21808	1.782661783
4.21978	1.904761905
4.22148	1.465201465
4.22318	1.587301587
4.22488	1.465201465
4.22658	1.709401709
4.22828	1.929181929
4.22998	1.660561661
4.23168	1.855921856
4.23338	1.733821734
4.23508	1.343101343
4.23678	1.367521368
4.23848	1.709401709
4.24018	1.782661783
4.24188	1.367521368
4.24358	1.367521368
4.24528	1.514041514
4.24698	1.318681319
4.24868	1.782661783
4.25038	1.391941392
4.25208	1.831501832
4.25378	1.48962149
4.25548	1.758241758
4.25718	1.318681319
4.25888	1.367521368
4.26058	1.587301587
4.26228	0.9768009768
4.26398	1.26984127
4.26568	1.465201465
4.26738	1.465201465
4.26908	1.343101343
4.27078	1.391941392
4.27248	1.538461538
4.27418	1.758241758
4.27588	1.660561661
4.27758	1.294261294
4.27928	1.660561661
4.28098	1.05006105
4.28268	0.8302808303
4.28438	1.343101343
4.28608	1.391941392
4.28778	1.465201465
4.28948	1.367521368
4.29118	1.440781441
4.29288	1.391941392
4.29458	1.343101343
4.29628	1.733821734
4.29798	1.48962149
4.29968	1.684981685
4.30138	1.05006105
4.30308	1.294261294
4.30478	1.196581197
4.30648	1.48962149
4.30818	1.172161172
4.30988	1.001221001
4.31158	1.196581197
4.31328	1.684981685
4.31498	1.26984127
4.31668	1.245421245
4.31838	1.294261294
4.32008	1.465201465
4.32178	1.172161172
4.32348	1.147741148
4.32518	1.294261294
4.32688	1.05006105
4.32858	1.172161172
4.33028	1.465201465
4.33198	1.318681319
4.33368	1.318681319
4.33538	0.9523809524
4.33708	1.294261294
4.33878	1.098901099
4.34048	1.391941392
4.34218	1.001221001
4.34388	1.147741148
4.34558	1.098901099
4.34728	1.294261294
4.34898	1.05006105
4.35068	1.001221001
4.35238	1.367521368
4.35408	1.26984127
4.35578	1.074481074
4.35748	0.9768009768
4.35918	1.098901099
4.36088	0.8058608059
4.36258	0.927960928
4.36428	1.221001221
4.36598	1.172161172
4.36768	1.196581197
4.36938	1.172161172
4.37108	0.7814407814
4.37278	1.123321123
4.37448	1.48962149
4.37618	1.074481074
4.37788	1.123321123
4.37958	0.927960928
4.38128	0.927960928
4.38298	1.123321123
4.38468	1.221001221
4.38638	1.025641026
4.38808	1.196581197
4.38978	1.05006105
4.39148	1.343101343
4.39318	0.8791208791
4.39488	1.025641026
4.39658	1.025641026
4.39828	0.9523809524
4.39998	1.245421245
4.40168	0.927960928
4.40338	1.367521368
4.40508	0.8058608059
4.40678	1.367521368
4.40848	1.611721612
4.41018	0.7081807082
4.41188	1.416361416
4.41358	0.8302808303
4.41528	1.05006105
4.41698	1.172161172
4.41868	0.8058608059
4.42038	1.221001221
4.42208	0.8791208791
4.42378	0.6593406593
4.42548	0.9768009768
4.42718	1.098901099
4.42888	0.8302808303
4.43058	0.9768009768
4.43228	0.9035409035
4.43398	1.123321123
4.43568	0.9768009768
4.43738	0.6349206349
4.43908	0.7081807082
4.44078	0.6349206349
4.44248	0.927960928
4.44418	0.6105006105
4.44588	0.6837606838
4.44758	1.05006105
4.44928	0.6837606838
4.45098	0.8791208791
4.45268	0.8547008547
4.45438	0.5860805861
4.45608	0.8058608059
4.45778	0.4884004884
4.45948	0.7326007326
4.46118	0.5128205128
4.46288	0.5372405372
4.46458	1.001221001
4.46628	0.7081807082
4.46798	1.05006105
4.46968	0.6593406593
4.47138	0.7814407814
4.47308	0.8058608059
4.47478	0.9768009768
4.47648	0.6105006105
4.47818	0.1709401709
4.47988	0.7326007326
4.48158	0.7081807082
4.48328	1.025641026
4.48498	0.6349206349
4.48668	0.7814407814
4.48838	0.5860805861
4.49008	0.3418803419
4.49178	0.6105006105
4.49348	0.6837606838
4.49518	1.025641026
4.49688	0.7326007326
4.49858	0.757020757
4.50028	0.6837606838
4.50198	0.4151404151
4.50368	1.025641026
4.50538	0.8302808303
4.50708	0.6349206349
4.50878	1.001221001
4.51048	1.001221001
4.51218	0.7326007326
4.51388	0.4884004884
4.51558	0.8791208791
4.51728	0.5128205128
4.51898	0.4151404151
4.52068	0.7081807082
4.52238	0.5860805861
4.52408	0.7081807082
4.52578	0.5616605617
4.52748	0.757020757
4.52918	0.6593406593
4.53088	0.7326007326
4.53258	0.8791208791
4.53428	0.7326007326
4.53598	0.5128205128
4.53768	0.463980464
4.53938	0.7081807082
4.54108	0.5860805861
4.54278	0.8547008547
4.54448	0.757020757
4.54618	0.8791208791
4.54788	0.6593406593
4.54958	0.463980464
4.55128	0.5860805861
4.55298	0.5860805861
4.55468	0.5372405372
4.55638	0.4884004884
4.55808	0.3174603175
4.55978	0.2442002442
4.56148	0.3418803419
4.56318	0.7081807082
4.56488	0.3418803419
4.56658	0.8302808303
4.56828	0.2686202686
4.56998	0.7814407814
4.57168	0.5128205128
4.57338	0.6349206349
4.57508	0.7326007326
4.57678	0.3907203907
4.57848	0.09768009768
4.58018	0.4884004884
4.58188	0.1709401709
4.58358	0.5128205128
4.58528	0.293040293
4.58698	0.6349206349
4.58868	0.7326007326
4.59038	0.3418803419
4.59208	0.4151404151
4.59378	0.3174603175
4.59548	0.3663003663
4.59718	0.1953601954
4.59888	0.2197802198
4.60058	0.4395604396
4.60228	0.3663003663
4.60398	0.5128205128
4.60568	0.6593406593
4.60738	0.5860805861
4.60908	0.4884004884
4.61078	0.3663003663
4.61248	0.3418803419
4.61418	0.6593406593
4.61588	0.3663003663
4.61758	0.2197802198
4.61928	0.3907203907
4.62098	0.7326007326
4.62268	0.3418803419
4.62438	0.3907203907
4.62608	0.7081807082
4.62778	0.6837606838
4.62948	0.3663003663
4.63118	0.3663003663
4.63288	0.1709401709
4.63458	0.3418803419
4.63628	0.2686202686
4.63798	0.2442002442
4.63968	0.1953601954
4.64138	0.3174603175
4.64308	0.3907203907
4.64478	0.3907203907
4.64648	0.4395604396
4.64818	0.3907203907
4.64988	0.6349206349
4.65158	0.2442002442
4.65328	0.3174603175
4.65498	0.463980464
4.65668	0.2686202686
4.65838	0.3907203907
4.66008	0.3907203907
4.66178	0.4884004884
4.66348	0.3174603175
4.66518	0.2442002442
4.66688	0.4884004884
4.66858	0.1221001221
4.67028	0.6593406593
4.67198	0.2197802198
4.67368	0.2442002442
4.67538	0.3174603175
4.67708	0.3418803419
4.67878	0.2197802198
4.68048	0.6837606838
4.68218	0.3663003663
4.68388	0.3418803419
4.68558	0.3663003663
4.68728	0.463980464
4.68898	0.2686202686
4.69068	0.5860805861
4.69238	0.3418803419
4.69408	0.2686202686
4.69578	0.2442002442
4.69748	0.6105006105
4.69918	0.1709401709
4.70088	0.2686202686
4.70258	0.7081807082
4.70428	0.4884004884
4.70598	0.3174603175
4.70768	0.3174603175
4.70938	0.463980464
4.71108	0.293040293
4.71278	0.1221001221
4.71448	0.5860805861
4.71618	0.09768009768
4.71788	0.757020757
4.71958	0.2686202686
4.72128	0.463980464
4.72298	0.5372405372
4.72468	0.293040293
4.72638	0.6105006105
4.72808	0.3418803419
4.72978	0.8547008547
4.73148	0.7081807082
4.73318	0.2686202686
4.73488	0.5616605617
4.73658	0.2686202686
4.73828	0.6349206349
4.73998	0.3418803419
4.74168	0.5616605617
4.74338	1.001221001
4.74508	0.9035409035
4.74678	0.7081807082
4.74848	0.3907203907
4.75018	0.6593406593
4.75188	0.3663003663
4.75358	0.3174603175
4.75528	0.6349206349
4.75698	0.5616605617
4.75868	0.463980464
4.76038	0.6837606838
4.76208	1.001221001
4.76378	0.5372405372
4.76548	0.8058608059
4.76718	0.7081807082
4.76888	0.5128205128
4.77058	1.025641026
4.77228	0.4884004884
4.77398	0.3663003663
4.77568	0.7081807082
4.77738	0.7081807082
4.77908	0.7081807082
4.78078	0.6349206349
4.78248	0.7326007326
4.78418	0.4151404151
4.78588	0.9035409035
4.78758	0.757020757
4.78928	0.927960928
4.79098	0.6349206349
4.79268	0.5128205128
4.79438	1.098901099
4.79608	0.6837606838
4.79778	0.7814407814
4.79948	1.025641026
4.80118	0.8791208791
4.80288	1.172161172
4.80458	1.294261294
4.80628	0.757020757
4.80798	0.9035409035
4.80968	1.196581197
4.81138	0.5860805861
4.81308	0.757020757
4.81478	0.5372405372
4.81648	0.757020757
4.81818	0.8302808303
4.81988	0.5616605617
4.82158	0.8791208791
4.82328	0.9523809524
4.82498	0.757020757
4.82668	0.7814407814
4.82838	0.927960928
4.83008	1.196581197
4.83178	0.5372405372
4.83348	0.8791208791
4.83518	0.8058608059
4.83688	0.8791208791
4.83858	0.6105006105
4.84028	0.6349206349
4.84198	1.172161172
4.84368	1.172161172
4.84538	1.343101343
4.84708	0.8547008547
4.84878	0.9768009768
4.85048	0.8791208791
4.85218	0.7081807082
4.85388	0.9768009768
4.85558	0.7814407814
4.85728	1.245421245
4.85898	1.001221001
4.86068	1.025641026
4.86238	0.8547008547
4.86408	0.8791208791
4.86578	1.05006105
4.86748	0.9035409035
4.86918	0.927960928
4.87088	0.9035409035
4.87258	0.9035409035
4.87428	1.245421245
4.87598	1.001221001
4.87768	0.5860805861
4.87938	1.098901099
4.88108	1.025641026
4.88278	1.440781441
4.88448	1.001221001
4.88618	0.8791208791
4.88788	0.8791208791
4.88958	1.196581197
4.89128	0.9523809524
4.89298	0.9768009768
4.89468	1.294261294
4.89638	1.172161172
4.89808	1.318681319
4.89978	1.001221001
4.90148	1.001221001
4.90318	1.245421245
4.90488	0.9768009768
4.90658	0.7081807082
4.90828	0.9035409035
4.90998	1.367521368
4.91168	1.245421245
4.91338	1.025641026
4.91508	1.343101343
4.91678	0.9035409035
4.91848	0.9523809524
4.92018	0.927960928
4.92188	1.221001221
4.92358	1.147741148
4.92528	1.123321123
4.92698	1.025641026
4.92868	1.098901099
4.93038	1.587301587
4.93208	1.074481074
4.93378	1.416361416
4.93548	0.9035409035
4.93718	1.538461538
4.93888	1.709401709
4.94058	1.440781441
4.94228	1.245421245
4.94398	1.074481074
4.94568	1.26984127
4.94738	1.147741148
4.94908	1.221001221
4.95078	0.8791208791
4.95248	1.074481074
4.95418	1.05006105
4.95588	1.098901099
4.95758	1.48962149
4.95928	0.757020757
4.96098	1.733821734
4.96268	1.343101343
4.96438	1.343101343
4.96608	1.391941392
4.96778	0.9523809524
4.96948	1.465201465
4.97118	1.098901099
4.97288	1.343101343
4.97458	1.123321123
4.97628	1.391941392
4.97798	1.318681319
4.97968	1.074481074
4.98138	1.587301587
4.98308	1.538461538
4.98478	1.147741148
4.98648	1.221001221
4.98818	1.196581197
4.98988	1.684981685
4.99158	1.416361416
4.99328	1.343101343
4.99498	1.538461538
4.99668	1.782661783
4.99838	1.440781441
5.00008	1.05006105
5.00178	1.48962149
5.00348	1.294261294
5.00518	1.221001221
5.00688	1.001221001
5.00858	1.172161172
5.01028	1.440781441
5.01198	1.929181929
5.01368	1.416361416
5.01538	1.367521368
5.01708	1.440781441
5.01878	1.465201465
5.02048	1.684981685
5.02218	1.660561661
5.02388	1.172161172
5.02558	1.318681319
5.02728	0.9523809524
5.02898	1.294261294
5.03068	0.8547008547
5.03238	1.391941392
5.03408	1.221001221
5.03578	1.123321123
5.03748	1.26984127
5.03918	1.123321123
5.04088	1.440781441
5.04258	1.562881563
5.04428	1.147741148
5.04598	1.343101343
5.04768	1.440781441
5.04938	1.465201465
5.05108	1.025641026
5.05278	1.343101343
5.05448	1.147741148
5.05618	1.245421245
5.05788	1.758241758
5.05958	1.318681319
5.06128	1.294261294
5.06298	1.416361416
5.06468	1.562881563
5.06638	0.9523809524
5.06808	1.587301587
5.06978	1.807081807
5.07148	1.48962149
5.07318	1.465201465
5.07488	1.48962149
5.07658	1.318681319
5.07828	1.416361416
5.07998	1.660561661
5.08168	1.831501832
5.08338	1.660561661
5.08508	1.782661783
5.08678	1.465201465
5.08848	1.05006105
5.09018	1.440781441
5.09188	1.611721612
5.09358	1.391941392
5.09528	1.416361416
5.09698	1.48962149
5.09868	1.343101343
5.10038	1.343101343
5.10208	1.88034188
5.10378	1.318681319
5.10548	1.807081807
5.10718	1.318681319
5.10888	1.440781441
5.11058	1.587301587
5.11228	1.318681319
5.11398	1.465201465
5.11568	1.172161172
5.11738	1.733821734
5.11908	1.416361416
5.12078	1.416361416
5.12248	1.538461538
5.12418	1.636141636
5.12588	1.465201465
5.12758	1.074481074
5.12928	1.514041514
5.13098	1.367521368
5.13268	1.098901099
5.13438	1.391941392
5.13608	1.416361416
5.13778	1.855921856
5.13948	1.367521368
5.14118	1.660561661
5.14288	1.123321123
5.14458	1.611721612
5.14628	1.367521368
5.14798	1.294261294
5.14968	1.245421245
5.15138	1.343101343
5.15308	1.684981685
5.15478	1.440781441
5.15648	1.514041514
5.15818	1.367521368
5.15988	1.684981685
5.16158	1.538461538
5.16328	1.294261294
5.16498	1.440781441
5.16668	1.416361416
5.16838	1.440781441
5.17008	1.465201465
5.17178	1.562881563
5.17348	1.391941392
5.17518	1.26984127
5.17688	1.440781441
5.17858	1.391941392
5.18028	1.684981685
5.18198	1.733821734
5.18368	1.611721612
5.18538	1.343101343
5.18708	1.709401709
5.18878	1.562881563
5.19048	1.587301587
5.19218	1.465201465
5.19388	1.855921856
5.19558	1.172161172
5.19728	1.611721612
5.19898	1.440781441
5.20068	1.562881563
5.20238	1.48962149
5.20408	1.26984127
5.20578	1.48962149
5.20748	1.318681319
5.20918	1.684981685
5.21088	1.660561661
5.21258	1.684981685
5.21428	1.172161172
5.21598	1.758241758
5.21768	1.611721612
5.21938	1.48962149
5.22108	1.733821734
5.22278	1.587301587
5.22448	1.465201465
5.22618	1.660561661
5.22788	1.807081807
5.22958	1.465201465
5.23128	1.025641026
5.23298	1.391941392
5.23468	1.172161172
5.23638	2.026862027
5.23808	1.562881563
5.23978	2.051282051
5.24148	1.48962149
5.24318	1.514041514
5.24488	1.660561661
5.24658	1.660561661
5.24828	1.391941392
5.24998	1.514041514
5.25168	1.636141636
5.25338	1.465201465
5.25508	1.636141636
5.25678	1.758241758
5.25848	1.367521368
5.26018	1.26984127
5.26188	1.660561661
5.26358	1.294261294
5.26528	1.48962149
5.26698	1.294261294
5.26868	1.465201465
5.27038	1.709401709
5.27208	1.733821734
5.27378	1.636141636
5.27548	1.48962149
5.27718	1.660561661
5.27888	1.807081807
5.28058	1.611721612
5.28228	1.514041514
5.28398	1.343101343
5.28568	1.636141636
5.28738	1.318681319
5.28908	1.416361416
5.29078	1.48962149
5.29248	1.660561661
5.29418	1.611721612
5.29588	1.514041514
5.29758	1.709401709
5.29928	1.294261294
5.30098	1.660561661
5.30268	1.440781441
5.30438	1.709401709
5.30608	1.221001221
5.30778	1.636141636
5.30948	1.514041514
5.31118	1.758241758
5.31288	1.48962149
5.31458	1.587301587
5.31628	1.684981685
5.31798	1.88034188
5.31968	1.221001221
5.32138	1.660561661
5.32308	1.562881563
5.32478	1.587301587
5.32648	1.465201465
5.32818	1.709401709
5.32988	2.002442002
5.33158	1.636141636
5.33328	1.88034188
5.33498	1.294261294
5.33668	1.562881563
5.33838	1.855921856
5.34008	1.855921856
5.34178	1.807081807
5.34348	1.48962149
5.34518	1.562881563
5.34688	1.294261294
5.34858	1.172161172
5.35028	1.48962149
5.35198	1.514041514
5.35368	1.294261294
5.35538	1.636141636
5.35708	1.807081807
5.35878	2.1001221
5.36048	1.929181929
5.36218	1.562881563
5.36388	1.562881563
5.36558	1.465201465
5.36728	1.660561661
5.36898	1.48962149
5.37068	1.538461538
5.37238	1.343101343
5.37408	1.416361416
5.37578	1.684981685
5.37748	1.660561661
5.37918	1.758241758
5.38088	1.733821734
5.38258	1.538461538
5.38428	1.758241758
5.38598	1.538461538
5.38768	1.294261294
5.38938	1.416361416
5.39108	1.440781441
5.39278	1.562881563
5.39448	1.465201465
5.39618	1.636141636
5.39788	1.684981685
5.39958	1.391941392
5.40128	1.758241758
5.40298	1.391941392
5.40468	1.709401709
5.40638	1.416361416
5.40808	1.26984127
5.40978	1.538461538
5.41148	1.587301587
5.41318	1.733821734
5.41488	1.538461538
5.41658	1.855921856
5.41828	1.855921856
5.41998	1.807081807
5.42168	1.758241758
5.42338	1.587301587
5.42508	2.124542125
5.42678	1.294261294
5.42848	1.709401709
5.43018	1.782661783
5.43188	1.831501832
5.43358	1.953601954
5.43528	1.26984127
5.43698	1.709401709
5.43868	1.611721612
5.44038	1.514041514
5.44208	1.26984127
5.44378	1.538461538
5.44548	1.807081807
5.44718	1.391941392
5.44888	2.075702076
5.45058	1.465201465
5.45228	1.904761905
5.45398	1.831501832
5.45568	1.855921856
5.45738	1.904761905
5.45908	1.88034188
5.46078	1.636141636
5.46248	1.709401709
5.46418	1.684981685
5.46588	1.48962149
5.46758	1.367521368
5.46928	1.26984127
5.47098	1.684981685
5.47268	1.855921856
5.47438	1.587301587
5.47608	1.709401709
5.47778	1.929181929
5.47948	2.051282051
5.48118	1.855921856
5.48288	1.709401709
5.48458	1.88034188
5.48628	1.562881563
5.48798	1.538461538
5.48968	1.709401709
5.49138	1.587301587
5.49308	1.782661783
5.49478	1.636141636
5.49648	2.148962149
5.49818	2.295482295
5.49988	2.026862027
5.50158	1.831501832
5.50328	1.855921856
5.50498	2.148962149
5.50668	2.1001221
5.50838	1.782661783
5.51008	1.758241758
5.51178	1.733821734
5.51348	1.562881563
5.51518	1.733821734
5.51688	1.929181929
5.51858	1.758241758
5.52028	1.929181929
5.52198	1.440781441
5.52368	1.538461538
5.52538	1.538461538
5.52708	1.807081807
5.52878	1.611721612
5.53048	1.978021978
5.53218	2.173382173
5.53388	1.978021978
5.53558	1.807081807
5.53728	2.002442002
5.53898	1.929181929
5.54068	1.782661783
5.54238	1.416361416
5.54408	1.758241758
5.54578	2.1001221
5.54748	2.051282051
5.54918	1.855921856
5.55088	1.758241758
5.55258	1.831501832
5.55428	1.978021978
5.55598	2.075702076
5.55768	2.026862027
5.55938	1.709401709
5.56108	1.831501832
5.56278	2.002442002
5.56448	1.904761905
5.56618	1.684981685
5.56788	1.587301587
5.56958	1.538461538
5.57128	1.758241758
5.57298	1.855921856
5.57468	2.075702076
5.57638	1.88034188
5.57808	2.246642247
5.57978	2.222222222
5.58148	1.855921856
5.58318	1.978021978
5.58488	2.222222222
5.58658	1.929181929
5.58828	1.88034188
5.58998	1.48962149
5.59168	1.758241758
5.59338	2.002442002
5.59508	1.978021978
5.59678	2.002442002
5.59848	2.271062271
5.60018	2.31990232
5.60188	2.002442002
5.60358	1.855921856
5.60528	1.904761905
5.60698	1.88034188
5.60868	1.782661783
5.61038	1.782661783
5.61208	1.831501832
5.61378	1.758241758
5.61548	1.953601954
5.61718	2.197802198
5.61888	1.929181929
5.62058	1.709401709
5.62228	1.587301587
5.62398	1.904761905
5.62568	1.758241758
5.62738	1.88034188
5.62908	1.88034188
5.63078	1.709401709
5.63248	1.807081807
5.63418	2.173382173
5.63588	2.002442002
5.63758	2.173382173
5.63928	2.53968254
5.64098	2.124542125
5.64268	1.48962149
5.64438	1.953601954
5.64608	2.075702076
5.64778	1.929181929
5.64948	1.562881563
5.65118	1.660561661
5.65288	2.1001221
5.65458	1.929181929
5.65628	2.246642247
5.65798	2.31990232
5.65968	1.929181929
5.66138	1.953601954
5.66308	2.002442002
5.66478	1.88034188
5.66648	1.733821734
5.66818	1.660561661
5.66988	1.855921856
5.67158	1.855921856
5.67328	1.88034188
5.67498	1.611721612
5.67668	2.1001221
5.67838	1.929181929
5.68008	1.978021978
5.68178	1.88034188
5.68348	2.124542125
5.68518	2.1001221
5.68688	2.124542125
5.68858	1.855921856
5.69028	1.953601954
5.69198	2.1001221
5.69368	2.075702076
5.69538	2.002442002
5.69708	1.733821734
5.69878	1.733821734
5.70048	1.709401709
5.70218	1.855921856
5.70388	1.904761905
5.70558	1.88034188
5.70728	2.31990232
5.70898	2.075702076
5.71068	1.611721612
5.71238	2.148962149
5.71408	2.002442002
5.71578	2.1001221
5.71748	2.075702076
5.71918	1.684981685
5.72088	1.978021978
5.72258	1.929181929
5.72428	1.929181929
5.72598	2.148962149
5.72768	1.660561661
5.72938	1.758241758
5.73108	2.051282051
5.73278	2.295482295
5.73448	1.929181929
5.73618	1.88034188
5.73788	2.173382173
5.73958	2.075702076
5.74128	1.904761905
5.74298	1.855921856
5.74468	2.026862027
5.74638	2.124542125
5.74808	1.733821734
5.74978	2.246642247
5.75148	2.002442002
5.75318	2.490842491
5.75488	1.831501832
5.75658	2.271062271
5.75828	1.904761905
5.75998	1.978021978
5.76168	1.978021978
5.76338	1.978021978
5.76508	1.904761905
5.76678	2.002442002
5.76848	1.904761905
5.77018	1.904761905
5.77188	2.490842491
5.77358	2.31990232
5.77528	1.904761905
5.77698	2.271062271
5.77868	1.929181929
5.78038	2.295482295
5.78208	2.124542125
5.78378	1.660561661
5.78548	1.709401709
5.78718	1.807081807
5.78888	2.197802198
5.79058	1.953601954
5.79228	2.417582418
5.79398	1.709401709
5.79568	2.344322344
5.79738	2.515262515
5.79908	1.855921856
5.80078	1.758241758
5.80248	1.88034188
5.80418	2.173382173
5.80588	1.831501832
5.80758	2.002442002
5.80928	1.929181929
5.81098	2.002442002
5.81268	2.393162393
5.81438	1.855921856
5.81608	2.002442002
5.81778	2.31990232
5.81948	2.026862027
5.82118	1.904761905
5.82288	2.075702076
5.82458	1.929181929
5.82628	2.051282051
5.82798	2.026862027
5.82968	2.1001221
5.83138	1.855921856
5.83308	2.002442002
5.83478	2.051282051
5.83648	2.173382173
5.83818	2.026862027
5.83988	2.1001221
5.84158	1.636141636
5.84328	2.051282051
5.84498	2.148962149
5.84668	2.002442002
5.84838	2.246642247
5.85008	1.831501832
5.85178	2.124542125
5.85348	2.466422466
5.85518	2.002442002
5.85688	2.271062271
5.85858	2.1001221
5.86028	1.953601954
5.86198	1.953601954
5.86368	1.831501832
5.86538	2.002442002
5.86708	2.051282051
5.86878	2.173382173
5.87048	1.831501832
5.87218	2.564102564
5.87388	2.246642247
5.87558	1.929181929
5.87728	2.075702076
5.87898	1.953601954
5.88068	1.978021978
5.88238	1.562881563
5.88408	1.660561661
5.88578	1.978021978
5.88748	2.1001221
5.88918	1.807081807
5.89088	2.1001221
5.89258	2.271062271
5.89428	2.1001221
5.89598	2.173382173
5.89768	2.002442002
5.89938	2.271062271
5.90108	1.88034188
5.90278	1.855921856
5.90448	1.831501832
5.90618	2.051282051
5.90788	2.124542125
5.90958	1.831501832
5.91128	1.978021978
5.91298	2.417582418
5.91468	2.368742369
5.91638	2.271062271
5.91808	2.002442002
5.91978	1.88034188
5.92148	1.929181929
5.92318	1.782661783
5.92488	2.173382173
5.92658	2.026862027
5.92828	2.246642247
5.92998	2.026862027
5.93168	2.124542125
5.93338	2.368742369
5.93508	2.002442002
5.93678	2.368742369
5.93848	1.929181929
5.94018	2.393162393
5.94188	1.831501832
5.94358	1.758241758
5.94528	2.002442002
5.94698	2.075702076
5.94868	2.222222222
5.95038	1.88034188
5.95208	2.075702076
5.95378	2.051282051
5.95548	2.173382173
5.95718	2.173382173
5.95888	1.978021978
5.96058	2.271062271
5.96228	2.051282051
5.96398	1.758241758
5.96568	2.124542125
5.96738	2.295482295
5.96908	1.855921856
5.97078	1.733821734
5.97248	2.173382173
5.97418	1.978021978
5.97588	2.026862027
5.97758	1.855921856
5.97928	2.31990232
5.98098	2.026862027
5.98268	2.124542125
5.98438	2.026862027
5.98608	2.075702076
5.98778	1.684981685
5.98948	2.002442002
5.99118	2.075702076
5.99288	2.173382173
5.99458	2.1001221
5.99628	2.368742369
5.99798	2.051282051
5.99968	2.442002442
6.00138	1.855921856
6.00308	2.002442002
6.00478	2.1001221
6.00648	2.393162393
6.00818	2.051282051
6.00988	1.831501832
6.01158	2.295482295
6.01328	2.075702076
6.01498	2.075702076
6.01668	1.88034188
6.01838	2.075702076
6.02008	2.246642247
6.02178	1.782661783
6.02348	2.173382173
6.02518	2.368742369
6.02688	2.222222222
6.02858	2.173382173
6.03028	2.002442002
6.03198	2.53968254
6.03368	1.88034188
6.03538	2.148962149
6.03708	1.953601954
6.03878	2.1001221
6.04048	1.807081807
6.04218	1.538461538
6.04388	2.197802198
6.04558	2.173382173
6.04728	2.051282051
6.04898	2.637362637
6.05068	1.929181929
6.05238	2.417582418
6.05408	2.246642247
6.05578	2.148962149
6.05748	2.173382173
6.05918	2.53968254
6.06088	2.173382173
6.06258	2.026862027
6.06428	2.026862027
6.06598	1.88034188
6.06768	1.904761905
6.06938	1.88034188
6.07108	2.295482295
6.07278	2.295482295
6.07448	2.466422466
6.07618	2.222222222
6.07788	2.1001221
6.07958	2.295482295
6.08128	2.075702076
6.08298	2.124542125
6.08468	1.807081807
6.08638	2.295482295
6.08808	2.515262515
6.08978	2.417582418
6.09148	2.222222222
6.09318	2.344322344
6.09488	2.393162393
6.09658	1.709401709
6.09828	1.807081807
6.09998	2.271062271
6.10168	2.051282051
6.10338	2.222222222
6.10508	2.197802198
6.10678	2.344322344
6.10848	2.53968254
6.11018	2.344322344
6.11188	2.31990232
6.11358	2.222222222
6.11528	2.271062271
6.11698	2.222222222
6.11868	2.466422466
6.12038	2.246642247
6.12208	1.709401709
6.12378	2.1001221
6.12548	2.075702076
6.12718	2.344322344
6.12888	2.002442002
6.13058	1.782661783
6.13228	2.31990232
6.13398	2.393162393
6.13568	2.368742369
6.13738	2.051282051
6.13908	2.173382173
6.14078	2.344322344
6.14248	2.295482295
6.14418	2.173382173
6.14588	2.246642247
6.14758	2.417582418
6.14928	1.978021978
6.15098	2.271062271
6.15268	2.197802198
6.15438	2.490842491
6.15608	2.173382173
6.15778	2.026862027
6.15948	2.832722833
6.16118	2.173382173
6.16288	1.929181929
6.16458	2.368742369
6.16628	2.222222222
6.16798	2.124542125
6.16968	1.807081807
6.17138	2.197802198
6.17308	2.173382173
6.17478	2.344322344
6.17648	2.271062271
6.17818	2.466422466
6.17988	2.637362637
6.18158	2.173382173
6.18328	2.31990232
6.18498	2.075702076
6.18668	2.612942613
6.18838	2.393162393
6.19008	2.075702076
6.19178	2.564102564
6.19348	2.53968254
6.19518	2.271062271
6.19688	2.173382173
6.19858	2.197802198
6.20028	2.393162393
6.20198	2.295482295
6.20368	2.124542125
6.20538	2.124542125
6.20708	2.515262515
6.20878	2.026862027
6.21048	2.246642247
6.21218	2.344322344
6.21388	2.1001221
6.21558	2.295482295
6.21728	2.1001221
6.21898	2.246642247
6.22068	2.295482295
6.22238	2.246642247
6.22408	2.344322344
6.22578	2.295482295
6.22748	2.710622711
6.22918	2.31990232
6.23088	2.515262515
6.23258	2.31990232
6.23428	2.564102564
6.23598	2.051282051
6.23768	2.124542125
6.23938	2.515262515
6.24108	2.1001221
6.24278	2.197802198
6.24448	2.222222222
6.24618	2.344322344
6.24788	2.710622711
6.24958	2.124542125
6.25128	2.173382173
6.25298	2.442002442
6.25468	2.490842491
6.25638	2.31990232
6.25808	2.148962149
6.25978	2.490842491
6.26148	2.075702076
6.26318	2.393162393
6.26488	2.173382173
6.26658	2.612942613
6.26828	2.832722833
6.26998	2.271062271
6.27168	2.783882784
6.27338	2.857142857
6.27508	2.490842491
6.27678	2.246642247
6.27848	2.295482295
6.28018	2.588522589
6.28188	2.393162393
6.28358	2.759462759
6.28528	2.31990232
6.28698	2.735042735
6.28868	2.710622711
6.29038	2.197802198
6.29208	2.466422466
6.29378	2.490842491
6.29548	2.857142857
6.29718	2.564102564
6.29888	2.246642247
6.30058	2.222222222
6.30228	1.831501832
6.30398	2.417582418
6.30568	2.31990232
6.30738	2.588522589
6.30908	2.832722833
6.31078	2.368742369
6.31248	2.588522589
6.31418	2.466422466
6.31588	2.53968254
6.31758	2.173382173
6.31928	2.490842491
6.32098	2.417582418
6.32268	2.246642247
6.32438	2.515262515
6.32608	2.53968254
6.32778	2.197802198
6.32948	2.417582418
6.33118	2.637362637
6.33288	2.246642247
6.33458	2.612942613
6.33628	2.31990232
6.33798	2.246642247
6.33968	2.442002442
6.34138	2.344322344
6.34308	2.466422466
6.34478	2.515262515
6.34648	2.197802198
6.34818	2.588522589
6.34988	2.466422466
6.35158	2.393162393
6.35328	2.417582418
6.35498	2.710622711
6.35668	2.222222222
6.35838	2.417582418
6.36008	2.53968254
6.36178	2.222222222
6.36348	2.1001221
6.36518	2.124542125
6.36688	2.905982906
6.36858	2.442002442
6.37028	2.442002442
6.37198	2.564102564
6.37368	2.31990232
6.37538	2.53968254
6.37708	2.490842491
6.37878	2.515262515
6.38048	2.637362637
6.38218	2.368742369
6.38388	2.515262515
6.38558	2.490842491
6.38728	2.442002442
6.38898	2.588522589
6.39068	2.686202686
6.39238	2.686202686
6.39408	2.759462759
6.39578	2.515262515
6.39748	2.295482295
6.39918	2.344322344
6.40088	2.515262515
6.40258	2.710622711
6.40428	2.466422466
6.40598	2.417582418
6.40768	2.661782662
6.40938	2.637362637
6.41108	2.53968254
6.41278	2.515262515
6.41448	2.759462759
6.41618	2.442002442
6.41788	2.393162393
6.41958	2.368742369
6.42128	2.222222222
6.42298	2.612942613
6.42468	2.222222222
6.42638	2.344322344
6.42808	2.661782662
6.42978	2.612942613
6.43148	2.612942613
6.43318	2.442002442
6.43488	2.612942613
6.43658	2.295482295
6.43828	2.393162393
6.43998	2.515262515
6.44168	2.295482295
6.44338	2.466422466
6.44508	2.53968254
6.44678	2.783882784
6.44848	2.442002442
6.45018	2.490842491
6.45188	2.588522589
6.45358	2.783882784
6.45528	2.979242979
6.45698	2.344322344
6.45868	2.344322344
6.46038	2.710622711
6.46208	2.393162393
6.46378	2.271062271
6.46548	2.53968254
6.46718	2.53968254
6.46888	2.53968254
6.47058	2.808302808
6.47228	2.344322344
6.47398	2.735042735
6.47568	2.368742369
6.47738	2.442002442
6.47908	2.53968254
6.48078	2.490842491
6.48248	2.368742369
6.48418	2.466422466
6.48588	2.612942613
6.48758	2.710622711
6.48928	2.735042735
6.49098	2.490842491
6.49268	2.417582418
6.49438	2.417582418
6.49608	2.612942613
6.49778	2.31990232
6.49948	2.393162393
6.50118	2.344322344
6.50288	2.53968254
6.50458	2.393162393
6.50628	2.832722833
6.50798	2.442002442
6.50968	2.148962149
6.51138	2.905982906
6.51308	2.222222222
6.51478	2.222222222
6.51648	2.197802198
6.51818	2.124542125
6.51988	2.31990232
6.52158	2.490842491
6.52328	2.466422466
6.52498	2.271062271
6.52668	2.344322344
6.52838	2.515262515
6.53008	2.612942613
6.53178	2.466422466
6.53348	2.53968254
6.53518	2.515262515
6.53688	2.686202686
6.53858	2.53968254
6.54028	2.857142857
6.54198	2.393162393
6.54368	2.710622711
6.54538	2.466422466
6.54708	2.661782662
6.54878	2.93040293
6.55048	2.612942613
6.55218	2.490842491
6.55388	2.368742369
6.55558	2.564102564
6.55728	2.222222222
6.55898	2.881562882
6.56068	2.53968254
6.56238	2.564102564
6.56408	2.490842491
6.56578	2.564102564
6.56748	3.076923077
6.56918	2.612942613
6.57088	2.564102564
6.57258	2.442002442
6.57428	2.173382173
6.57598	2.637362637
6.57768	2.124542125
6.57938	2.466422466
6.58108	2.612942613
6.58278	2.857142857
6.58448	2.53968254
6.58618	2.295482295
6.58788	2.93040293
6.58958	2.246642247
6.59128	2.857142857
6.59298	2.53968254
6.59468	2.344322344
6.59638	2.490842491
6.59808	2.588522589
6.59978	2.93040293
6.60148	2.612942613
6.60318	2.661782662
6.60488	2.783882784
6.60658	2.515262515
6.60828	2.417582418
6.60998	2.271062271
6.61168	2.735042735
6.61338	2.246642247
6.61508	2.393162393
6.61678	1.929181929
6.61848	2.197802198
6.62018	2.026862027
6.62188	2.490842491
6.62358	2.783882784
6.62528	2.588522589
6.62698	2.857142857
6.62868	2.344322344
6.63038	2.710622711
6.63208	2.515262515
6.63378	2.783882784
6.63548	2.637362637
6.63718	2.002442002
6.63888	2.246642247
6.64058	2.564102564
6.64228	2.564102564
6.64398	2.515262515
6.64568	2.637362637
6.64738	2.905982906
6.64908	2.93040293
6.65078	2.881562882
6.65248	2.490842491
6.65418	2.759462759
6.65588	2.661782662
6.65758	2.612942613
6.65928	2.490842491
6.66098	2.515262515
6.66268	2.93040293
6.66438	2.417582418
6.66608	2.295482295
6.66778	2.710622711
6.66948	2.735042735
6.67118	2.637362637
6.67288	2.344322344
6.67458	2.148962149
6.67628	2.271062271
6.67798	2.637362637
6.67968	2.442002442
6.68138	2.246642247
6.68308	2.637362637
6.68478	2.393162393
6.68648	2.588522589
6.68818	2.612942613
6.68988	2.612942613
6.69158	2.710622711
6.69328	2.295482295
6.69498	2.515262515
6.69668	2.344322344
6.69838	2.295482295
6.70008	2.490842491
6.70178	2.588522589
6.70348	2.661782662
6.70518	2.368742369
6.70688	2.490842491
6.70858	2.710622711
6.71028	2.490842491
6.71198	2.637362637
6.71368	2.197802198
6.71538	2.271062271
6.71708	2.393162393
6.71878	2.246642247
6.72048	2.075702076
6.72218	2.368742369
6.72388	2.393162393
6.72558	2.417582418
6.72728	2.466422466
6.72898	2.759462759
6.73068	2.735042735
6.73238	2.417582418
6.73408	2.637362637
6.73578	2.783882784
6.73748	2.661782662
6.73918	2.442002442
6.74088	2.490842491
6.74258	2.588522589
6.74428	2.417582418
6.74598	2.588522589
6.74768	2.637362637
6.74938	2.808302808
6.75108	2.93040293
6.75278	2.368742369
6.75448	2.735042735
6.75618	2.271062271
6.75788	2.515262515
6.75958	2.344322344
6.76128	2.271062271
6.76298	2.832722833
6.76468	2.442002442
6.76638	2.53968254
6.76808	2.564102564
6.76978	2.832722833
6.77148	2.222222222
6.77318	2.344322344
6.77488	2.588522589
6.77658	2.686202686
6.77828	2.051282051
6.77998	2.344322344
6.78168	2.31990232
6.78338	2.295482295
6.78508	1.88034188
6.78678	2.686202686
6.78848	2.271062271
6.79018	2.53968254
6.79188	2.490842491
6.79358	2.173382173
6.79528	2.490842491
6.79698	2.002442002
6.79868	2.173382173
6.80038	2.295482295
6.80208	2.417582418
6.80378	2.759462759
6.80548	2.417582418
6.80718	2.783882784
6.80888	2.954822955
6.81058	2.344322344
6.81228	2.344322344
6.81398	2.588522589
6.81568	2.442002442
6.81738	2.686202686
6.81908	2.368742369
6.82078	2.148962149
6.82248	2.588522589
6.82418	2.295482295
6.82588	2.417582418
6.82758	2.368742369
6.82928	2.881562882
6.83098	2.832722833
6.83268	2.246642247
6.83438	2.661782662
6.83608	2.490842491
6.83778	2.515262515
6.83948	2.466422466
6.84118	2.344322344
6.84288	2.466422466
6.84458	2.124542125
6.84628	2.637362637
6.84798	2.368742369
6.84968	2.661782662
6.85138	2.271062271
6.85308	2.612942613
6.85478	2.393162393
6.85648	2.344322344
6.85818	2.344322344
6.85988	2.661782662
6.86158	2.857142857
6.86328	2.53968254
6.86498	2.393162393
6.86668	2.759462759
6.86838	2.53968254
6.87008	2.686202686
6.87178	2.368742369
6.87348	2.53968254
6.87518	2.295482295
6.87688	2.368742369
6.87858	2.148962149
6.88028	2.197802198
6.88198	2.344322344
6.88368	2.637362637
6.88538	1.978021978
6.88708	2.368742369
6.88878	2.271062271
6.89048	2.710622711
6.89218	2.124542125
6.89388	2.393162393
6.89558	2.442002442
6.89728	2.197802198
6.89898	2.271062271
6.90068	2.31990232
6.90238	2.735042735
6.90408	2.026862027
6.90578	2.490842491
6.90748	2.710622711
6.90918	2.417582418
6.91088	2.124542125
6.91258	2.002442002
6.91428	2.735042735
6.91598	2.344322344
6.91768	2.222222222
6.91938	2.051282051
6.92108	2.222222222
6.92278	2.393162393
6.92448	2.295482295
6.92618	2.295482295
6.92788	2.393162393
6.92958	2.173382173
6.93128	2.564102564
6.93298	2.148962149
6.93468	2.53968254
6.93638	2.246642247
6.93808	2.051282051
6.93978	2.246642247
6.94148	2.002442002
6.94318	2.368742369
6.94488	2.173382173
6.94658	2.417582418
6.94828	2.686202686
6.94998	2.759462759
6.95168	2.490842491
6.95338	2.222222222
6.95508	2.637362637
6.95678	2.295482295
6.95848	2.173382173
6.96018	2.295482295
6.96188	2.344322344
6.96358	2.197802198
6.96528	2.002442002
6.96698	2.637362637
6.96868	2.417582418
6.97038	2.368742369
6.97208	2.564102564
6.97378	2.271062271
6.97548	2.393162393
6.97718	2.002442002
6.97888	2.026862027
6.98058	2.564102564
6.98228	2.612942613
6.98398	2.588522589
6.98568	2.490842491
6.98738	2.612942613
6.98908	2.393162393
6.99078	2.515262515
6.99248	1.807081807
6.99418	2.124542125
6.99588	2.393162393
6.99758	2.368742369
6.99928	2.344322344
