Bruker BioSpin GmbH: the minispec
DataType=5
DataLimits=0.03778,6.99928,4096
DataUnit=Time/ms,Intensity/%
c:\program files\bruker the minispec\application pool demo\fid.app
28.09.2024 11:51:05

0.03778	140.02442
0.03948	140.1465201
0.04118	140.5372405
0.04288	140.5616606
0.04458	140.6837607
0.04628	140.9035409
0.04798	140.5616606
0.04968	141.0744811
0.05138	141.0500611
0.05308	141.2942613
0.05478	141.1721612
0.05648	141.2454212
0.05818	141.2698413
0.05988	141.2210012
0.06158	141.4163614
0.06328	141.4163614
0.06498	141.4163614
0.06668	141.4163614
0.06838	141.4163614
0.07008	141.4163614
0.07178	141.4163614
0.07348	141.4163614
0.07518	141.4163614
0.07688	141.4163614
0.07858	141.4163614
0.08028	141.4163614
0.08198	141.4163614
0.08368	141.4163614
0.08538	141.4163614
0.08708	141.4163614
0.08878	141.4163614
0.09048	141.4163614
0.09218	141.4163614
0.09388	141.4163614
0.09558	141.4163614
0.09728	141.4163614
0.09898	141.4163614
0.10068	141.4163614
0.10238	141.4163614
0.10408	141.4163614
0.10578	141.4163614
0.10748	141.4163614
0.10918	141.4163614
0.11088	141.4163614
0.11258	141.4163614
0.11428	141.4163614
0.11598	141.4163614
0.11768	141.4163614
0.11938	141.4163614
0.12108	141.4163614
0.12278	141.4163614
0.12448	141.4163614
0.12618	141.4163614
0.12788	141.4163614
0.12958	141.4163614
0.13128	141.4163614
0.13298	141.4163614
0.13468	141.4163614
0.13638	141.4163614
0.13808	141.4163614
0.13978	141.4163614
0.14148	141.4163614
0.14318	141.4163614
0.14488	141.4163614
0.14658	141.4163614
0.14828	141.4163614
0.14998	141.4163614
0.15168	141.4163614
0.15338	141.4163614
0.15508	141.4163614
0.15678	141.4163614
0.15848	141.4163614
0.16018	141.4163614
0.16188	141.4163614
0.16358	141.4163614
0.16528	141.4163614
0.16698	141.4163614
0.16868	141.4163614
0.17038	141.4163614
0.17208	141.4163614
0.17378	141.4163614
0.17548	141.4163614
0.17718	141.4163614
0.17888	141.4163614
0.18058	141.4163614
0.18228	141.4163614
0.18398	141.4163614
0.18568	141.4163614
0.18738	141.4163614
0.18908	141.4163614
0.19078	141.4163614
0.19248	141.4163614
0.19418	141.4163614
0.19588	141.4163614
0.19758	141.4163614
0.19928	141.4163614
0.20098	141.4163614
0.20268	141.4163614
0.20438	141.4163614
0.20608	141.4163614
0.20778	141.4163614
0.20948	141.4163614
0.21118	141.4163614
0.21288	141.4163614
0.21458	141.4163614
0.21628	141.4163614
0.21798	141.4163614
0.21968	141.4163614
0.22138	141.4163614
0.22308	141.4163614
0.22478	141.4163614
0.22648	141.4163614
0.22818	141.4163614
0.22988	141.4163614
0.23158	141.4163614
0.23328	141.4163614
0.23498	141.4163614
0.23668	141.4163614
0.23838	141.4163614
0.24008	141.4163614
0.24178	141.4163614
0.24348	141.4163614
0.24518	141.4163614
0.24688	141.4163614
0.24858	141.4163614
0.25028	141.4163614
0.25198	141.4163614
0.25368	141.4163614
0.25538	141.4163614
0.25708	141.4163614
0.25878	141.4163614
0.26048	141.4163614
0.26218	141.4163614
0.26388	141.4163614
0.26558	141.4163614
0.26728	141.4163614
0.26898	141.4163614
0.27068	141.4163614
0.27238	141.4163614
0.27408	141.4163614
0.27578	141.4163614
0.27748	141.4163614
0.27918	141.4163614
0.28088	141.4163614
0.28258	141.4163614
0.28428	141.4163614
0.28598	141.4163614
0.28768	141.4163614
0.28938	141.4163614
0.29108	141.4163614
0.29278	141.4163614
0.29448	141.4163614
0.29618	141.4163614
0.29788	141.4163614
0.29958	141.4163614
0.30128	141.4163614
0.30298	141.4163614
0.30468	141.4163614
0.30638	141.4163614
0.30808	141.4163614
0.30978	141.4163614
0.31148	141.4163614
0.31318	141.4163614
0.31488	141.4163614
0.31658	141.4163614
0.31828	141.4163614
0.31998	141.4163614
0.32168	141.4163614
0.32338	141.4163614
0.32508	141.4163614
0.32678	141.4163614
0.32848	141.4163614
0.33018	141.4163614
0.33188	141.4163614
0.33358	141.4163614
0.33528	141.4163614
0.33698	141.4163614
0.33868	141.4163614
0.34038	141.4163614
0.34208	141.4163614
0.34378	141.4163614
0.34548	141.4163614
0.34718	141.4163614
0.34888	141.4163614
0.35058	141.4163614
0.35228	141.4163614
0.35398	141.4163614
0.35568	141.4163614
0.35738	141.4163614
0.35908	141.4163614
0.36078	141.4163614
0.36248	141.4163614
0.36418	141.4163614
0.36588	141.4163614
0.36758	141.4163614
0.36928	141.4163614
0.37098	141.4163614
0.37268	141.4163614
0.37438	141.4163614
0.37608	141.4163614
0.37778	141.4163614
0.37948	141.4163614
0.38118	141.4163614
0.38288	141.4163614
0.38458	141.4163614
0.38628	141.4163614
0.38798	141.4163614
0.38968	141.4163614
0.39138	141.4163614
0.39308	141.4163614
0.39478	141.4163614
0.39648	141.4163614
0.39818	141.4163614
0.39988	141.4163614
0.40158	141.4163614
0.40328	141.4163614
0.40498	141.4163614
0.40668	141.4163614
0.40838	141.4163614
0.41008	141.4163614
0.41178	141.4163614
0.41348	141.4163614
0.41518	141.4163614
0.41688	141.4163614
0.41858	141.4163614
0.42028	141.4163614
0.42198	141.4163614
0.42368	141.4163614
0.42538	141.4163614
0.42708	141.4163614
0.42878	141.4163614
0.43048	141.4163614
0.43218	141.4163614
0.43388	141.4163614
0.43558	141.4163614
0.43728	141.4163614
0.43898	141.4163614
0.44068	141.4163614
0.44238	141.4163614
0.44408	141.4163614
0.44578	141.4163614
0.44748	141.4163614
0.44918	141.4163614
0.45088	141.4163614
0.45258	141.4163614
0.45428	141.4163614
0.45598	141.4163614
0.45768	141.4163614
0.45938	141.4163614
0.46108	141.4163614
0.46278	141.4163614
0.46448	141.4163614
0.46618	141.4163614
0.46788	141.4163614
0.46958	141.4163614
0.47128	141.4163614
0.47298	141.4163614
0.47468	141.4163614
0.47638	141.4163614
0.47808	141.4163614
0.47978	141.4163614
0.48148	141.4163614
0.48318	141.4163614
0.48488	141.4163614
0.48658	141.4163614
0.48828	141.4163614
0.48998	141.4163614
0.49168	141.4163614
0.49338	141.4163614
0.49508	141.4163614
0.49678	141.4163614
0.49848	141.4163614
0.50018	141.4163614
0.50188	141.4163614
0.50358	141.4163614
0.50528	141.4163614
0.50698	141.4163614
0.50868	141.4163614
0.51038	141.4163614
0.51208	141.4163614
0.51378	141.4163614
0.51548	141.4163614
0.51718	141.4163614
0.51888	141.4163614
0.52058	141.4163614
0.52228	141.4163614
0.52398	141.4163614
0.52568	141.4163614
0.52738	141.4163614
0.52908	141.4163614
0.53078	141.4163614
0.53248	141.4163614
0.53418	141.4163614
0.53588	141.4163614
0.53758	141.4163614
0.53928	141.4163614
0.54098	141.4163614
0.54268	141.4163614
0.54438	141.4163614
0.54608	141.4163614
0.54778	141.4163614
0.54948	141.4163614
0.55118	141.4163614
0.55288	141.4163614
0.55458	141.4163614
0.55628	141.4163614
0.55798	141.4163614
0.55968	141.4163614
0.56138	141.4163614
0.56308	141.4163614
0.56478	141.4163614
0.56648	141.4163614
0.56818	141.4163614
0.56988	141.4163614
0.57158	141.4163614
0.57328	141.4163614
0.57498	141.4163614
0.57668	141.4163614
0.57838	141.4163614
0.58008	141.4163614
0.58178	141.4163614
0.58348	141.4163614
0.58518	141.4163614
0.58688	141.4163614
0.58858	141.4163614
0.59028	141.4163614
0.59198	141.4163614
0.59368	141.4163614
0.59538	141.4163614
0.59708	141.4163614
0.59878	141.4163614
0.60048	141.4163614
0.60218	141.4163614
0.60388	141.4163614
0.60558	141.4163614
0.60728	141.4163614
0.60898	141.4163614
0.61068	141.4163614
0.61238	141.4163614
0.61408	141.4163614
0.61578	141.4163614
0.61748	141.4163614
0.61918	141.4163614
0.62088	141.0744811
0.62258	141.025641
0.62428	140.3418803
0.62598	139.9023199
0.62768	139.7557998
0.62938	139.1941392
0.63108	139.0720391
0.63278	138.6324786
0.63448	138.2173382
0.63618	137.8266178
0.63788	137.3382173
0.63958	137.0940171
0.64128	136.7521368
0.64298	136.4835165
0.64468	136.019536
0.64638	135.4578755
0.64808	135.3601954
0.64978	135.042735
0.65148	134.4078144
0.65318	134.1147741
0.65488	133.9194139
0.65658	133.5042735
0.65828	133.040293
0.65998	132.8937729
0.66168	132.6007326
0.66338	131.9413919
0.66508	131.7704518
0.66678	131.7216117
0.66848	131.1355311
0.67018	130.5250305
0.67188	130.4761905
0.67358	129.98779
0.67528	129.96337
0.67698	129.4749695
0.67868	129.0842491
0.68038	128.6691087
0.68208	128.6446886
0.68378	128.2295482
0.68548	127.8388278
0.68718	127.4969475
0.68888	127.4236874
0.69058	127.1794872
0.69228	126.3247863
0.69398	126.3247863
0.69568	126.1294261
0.69738	125.7875458
0.69908	125.4945055
0.70078	125.2014652
0.70248	124.8595849
0.70418	124.5177045
0.70588	124.2735043
0.70758	124.0781441
0.70928	123.7606838
0.71098	123.5653236
0.71268	122.954823
0.71438	122.6617827
0.71608	122.6129426
0.71778	122.2466422
0.71948	122.002442
0.72118	121.6117216
0.72288	121.8559219
0.72458	121.2210012
0.72628	120.8791209
0.72798	120.9035409
0.72968	120.4884005
0.73138	120.1953602
0.73308	119.7313797
0.73478	119.5848596
0.73648	119.3650794
0.73818	118.974359
0.73988	118.8522589
0.74158	118.8766789
0.74328	118.4371184
0.74498	118.046398
0.74668	118.0708181
0.74838	117.7777778
0.75008	117.3137973
0.75178	117.2161172
0.75348	116.8742369
0.75518	116.8253968
0.75688	116.5567766
0.75858	116.4590965
0.76028	115.9462759
0.76198	115.8730159
0.76368	115.6776557
0.76538	115.3846154
0.76708	115.1159951
0.76878	115.0671551
0.77048	114.6275946
0.77218	114.3345543
0.77388	114.3345543
0.77558	114.041514
0.77728	113.8949939
0.77898	113.8217338
0.78068	113.5775336
0.78238	113.4065934
0.78408	113.1135531
0.78578	113.015873
0.78748	112.6739927
0.78918	112.6007326
0.79088	112.2588523
0.79258	111.990232
0.79428	111.4529915
0.79598	111.5750916
0.79768	111.5018315
0.79938	111.013431
0.80108	110.6715507
0.80278	110.4517705
0.80448	110.03663
0.80618	109.4261294
0.80788	109.5970696
0.80958	109.2796093
0.81128	108.6446886
0.81298	108.5470085
0.81468	108.009768
0.81638	107.960928
0.81808	107.6434676
0.81978	107.3015873
0.82148	107.6190476
0.82318	106.8620269
0.82488	106.7887668
0.82658	106.1050061
0.82828	105.982906
0.82998	105.4212454
0.83168	105.4456654
0.83338	104.9084249
0.83508	104.8840049
0.83678	104.7374847
0.83848	104.4932845
0.84018	103.7606838
0.84188	104.029304
0.84358	103.3699634
0.84528	103.0525031
0.84698	102.7350427
0.84868	102.2954823
0.85038	101.978022
0.85208	101.7338217
0.85378	101.5873016
0.85548	101.1721612
0.85718	101.1233211
0.85888	100.8058608
0.86058	100.5372405
0.86228	100.6837607
0.86398	99.95115995
0.86568	99.78021978
0.86738	99.31623932
0.86908	99.60927961
0.87078	98.77899878
0.87248	98.24175824
0.87418	98.53479853
0.87588	98.21733822
0.87758	98.11965812
0.87928	97.24053724
0.88098	97.21611722
0.88268	97.21611722
0.88438	96.45909646
0.88608	96.53235653
0.88778	96.48351648
0.88948	95.8974359
0.89118	95.48229548
0.89288	95.38461538
0.89458	95.21367521
0.89628	94.72527473
0.89798	94.7985348
0.89968	94.28571429
0.90138	94.23687424
0.90308	93.84615385
0.90478	94.01709402
0.90648	93.5042735
0.90818	92.77167277
0.90988	92.99145299
0.91158	92.38095238
0.91328	92.25885226
0.91498	91.99023199
0.91668	91.96581197
0.91838	91.67277167
0.92008	91.13553114
0.92178	90.84249084
0.92348	90.6959707
0.92518	90.57387057
0.92688	89.91452991
0.92858	89.79242979
0.93028	89.84126984
0.93198	89.71916972
0.93368	89.03540904
0.93538	88.88888889
0.93708	88.84004884
0.93878	88.42490842
0.94048	88.18070818
0.94218	87.91208791
0.94388	87.96092796
0.94558	87.57020757
0.94728	86.88644689
0.94898	86.95970696
0.95068	86.81318681
0.95238	86.3003663
0.95408	86.15384615
0.95578	85.51892552
0.95748	85.76312576
0.95918	85.3968254
0.96088	85.25030525
0.96258	85.12820513
0.96428	84.76190476
0.96598	84.3956044
0.96768	84.07814408
0.96938	83.73626374
0.97108	83.80952381
0.97278	83.54090354
0.97448	83.27228327
0.97618	83.2967033
0.97788	83.003663
0.97958	82.44200244
0.98128	82.53968254
0.98298	81.85592186
0.98468	82.14896215
0.98638	81.0989011
0.98808	81.02564103
0.98978	81.0989011
0.99148	80.48840049
0.99318	80.56166056
0.99488	80.56166056
0.99658	80.53724054
0.99828	80.17094017
0.99998	79.70695971
1.00168	79.63369963
1.00338	79.21855922
1.00508	78.97435897
1.00678	78.55921856
1.00848	78.51037851
1.01018	78.33943834
1.01188	77.82661783
1.01358	77.8998779
1.01528	77.8021978
1.01698	77.36263736
1.01868	77.24053724
1.02038	76.92307692
1.02208	76.72771673
1.02378	76.53235653
1.02548	75.97069597
1.02718	75.67765568
1.02888	75.7997558
1.03058	75.67765568
1.03228	74.96947497
1.03398	74.65201465
1.03568	74.43223443
1.03738	74.82295482
1.03908	74.13919414
1.04078	74.33455433
1.04248	73.72405372
1.04418	73.43101343
1.04588	73.38217338
1.04758	72.84493284
1.04928	72.84493284
1.05098	72.6984127
1.05268	72.52747253
1.05438	72.08791209
1.05608	71.94139194
1.05778	71.62393162
1.05948	71.74603175
1.06118	71.06227106
1.06288	71.28205128
1.06458	70.94017094
1.06628	70.32967033
1.06798	70.30525031
1.06968	70.5006105
1.07138	69.81684982
1.07308	69.20634921
1.07478	69.42612943
1.07648	69.05982906
1.07818	69.15750916
1.07988	69.08424908
1.08158	68.76678877
1.08328	68.35164835
1.08498	68.27838828
1.08668	67.76556777
1.08838	67.00854701
1.09008	67.00854701
1.09178	66.95970696
1.09348	67.03296703
1.09518	66.86202686
1.09688	66.61782662
1.09858	66.3980464
1.10028	65.54334554
1.10198	65.86080586
1.10368	65.64102564
1.10538	65.88522589
1.10708	64.51770452
1.10878	64.63980464
1.11048	64.2979243
1.11218	64.51770452
1.11388	64.004884
1.11558	63.98046398
1.11728	63.90720391
1.11898	63.46764347
1.12068	63.22344322
1.12238	63.24786325
1.12408	63.12576313
1.12578	62.53968254
1.12748	62.2954823
1.12918	62.2954823
1.13088	61.9047619
1.13258	61.63614164
1.13428	61.39194139
1.13598	61.41636142
1.13768	61.0989011
1.13938	60.78144078
1.14108	60.9035409
1.14278	60.63492063
1.14448	60.51282051
1.14618	59.92673993
1.14788	59.63369963
1.14958	59.34065934
1.15128	58.85225885
1.15298	59.14529915
1.15468	58.68131868
1.15638	58.63247863
1.15808	58.38827839
1.15978	57.92429792
1.16148	57.58241758
1.16318	57.87545788
1.16488	57.68009768
1.16658	57.31379731
1.16828	57.02075702
1.16998	56.77655678
1.17168	56.38583639
1.17338	56.14163614
1.17508	56.36141636
1.17678	56.01953602
1.17848	55.94627595
1.18018	55.55555556
1.18188	55.40903541
1.18358	55.16483516
1.18528	54.99389499
1.18698	54.84737485
1.18868	54.7008547
1.19038	54.09035409
1.19208	53.91941392
1.19378	54.16361416
1.19548	53.62637363
1.19718	53.67521368
1.19888	53.52869353
1.20058	53.38217338
1.20228	52.55189255
1.20398	52.96703297
1.20568	52.40537241
1.20738	52.08791209
1.20908	51.74603175
1.21078	51.96581197
1.21248	52.13675214
1.21418	51.25763126
1.21588	51.42857143
1.21758	50.89133089
1.21928	50.54945055
1.22098	50.67155067
1.22268	50.74481074
1.22438	49.93894994
1.22608	49.84126984
1.22778	49.74358974
1.22948	49.20634921
1.23118	49.76800977
1.23288	49.52380952
1.23458	48.76678877
1.23628	48.96214896
1.23798	49.10866911
1.23968	48.66910867
1.24138	48.42490842
1.24308	48.18070818
1.24478	48.35164835
1.24648	47.32600733
1.24818	46.98412698
1.24988	47.13064713
1.25158	46.88644689
1.25328	46.76434676
1.25498	46.76434676
1.25668	46.88644689
1.25838	46.32478632
1.26008	46.10500611
1.26178	45.98290598
1.26348	45.90964591
1.26518	45.56776557
1.26688	45.17704518
1.26858	45.00610501
1.27028	44.93284493
1.27198	44.98168498
1.27368	44.59096459
1.27538	44.27350427
1.27708	44.17582418
1.27878	44.2979243
1.28048	43.88278388
1.28218	44.07814408
1.28388	43.68742369
1.28558	43.44322344
1.28728	42.49084249
1.28898	42.88156288
1.29068	42.1978022
1.29238	42.46642247
1.29408	42.002442
1.29578	42.2954823
1.29748	41.83150183
1.29918	41.70940171
1.30088	41.68498168
1.30258	41.63614164
1.30428	41.22100122
1.30598	41.02564103
1.30768	40.61050061
1.30938	40.24420024
1.31108	40.53724054
1.31278	40.36630037
1.31448	40.07326007
1.31618	40.21978022
1.31788	39.97557998
1.31958	39.85347985
1.32128	39.65811966
1.32298	39.04761905
1.32468	39.26739927
1.32638	38.60805861
1.32808	38.53479853
1.32978	38.77899878
1.33148	38.11965812
1.33318	38.24175824
1.33488	37.8021978
1.33658	37.8998779
1.33828	37.82661783
1.33998	37.55799756
1.34168	37.28937729
1.34338	37.50915751
1.34508	37.36263736
1.34678	36.63003663
1.34848	36.23931624
1.35018	36.7032967
1.35188	36.65445665
1.35358	35.94627595
1.35528	36.23931624
1.35698	36.06837607
1.35868	36.01953602
1.36038	35.45787546
1.36208	35.43345543
1.36378	35.36019536
1.36548	35.36019536
1.36718	34.82295482
1.36888	34.7008547
1.37058	34.38339438
1.37228	34.52991453
1.37398	34.45665446
1.37568	34.26129426
1.37738	34.33455433
1.37908	33.96825397
1.38078	33.77289377
1.38248	33.74847375
1.38418	33.21123321
1.38588	33.38217338
1.38758	33.30891331
1.38928	32.96703297
1.39098	32.52747253
1.39268	32.6984127
1.39438	32.5030525
1.39608	32.25885226
1.39778	32.47863248
1.39948	32.03907204
1.40118	32.08791209
1.40288	31.52625153
1.40458	31.74603175
1.40628	31.42857143
1.40798	31.33089133
1.40968	31.23321123
1.41138	31.03785104
1.41308	30.81807082
1.41478	30.84249084
1.41648	30.98901099
1.41818	30.62271062
1.41988	30.5006105
1.42158	30.5006105
1.42328	30.10989011
1.42498	30.06105006
1.42668	29.69474969
1.42838	29.64590965
1.43008	29.69474969
1.43178	29.10866911
1.43348	29.64590965
1.43518	28.79120879
1.43688	29.23076923
1.43858	29.20634921
1.44028	28.69352869
1.44198	28.64468864
1.44368	28.3028083
1.44538	28.69352869
1.44708	27.88766789
1.44878	28.08302808
1.45048	28.18070818
1.45218	27.69230769
1.45388	27.74114774
1.45558	28.18070818
1.45728	27.93650794
1.45898	27.3015873
1.46068	27.42368742
1.46238	27.66788767
1.46408	27.13064713
1.46578	27.25274725
1.46748	26.86202686
1.46918	26.44688645
1.47088	26.69108669
1.47258	26.56898657
1.47428	26.47130647
1.47598	26.05616606
1.47768	26.34920635
1.47938	26.25152625
1.48108	25.83638584
1.48278	25.90964591
1.48448	25.90964591
1.48618	25.44566545
1.48788	25.03052503
1.48958	24.98168498
1.49128	25.25030525
1.49298	25.44566545
1.49468	24.98168498
1.49638	25.17704518
1.49808	24.93284493
1.49978	25.07936508
1.50148	24.90842491
1.50318	24.07814408
1.50488	24.61538462
1.50658	24.3956044
1.50828	24.2979243
1.50998	24.004884
1.51168	23.95604396
1.51338	24.44444444
1.51508	23.49206349
1.51678	23.78510379
1.51848	23.44322344
1.52018	23.83394383
1.52188	23.27228327
1.52358	23.44322344
1.52528	23.32112332
1.52698	23.05250305
1.52868	22.78388278
1.53038	23.15018315
1.53208	23.07692308
1.53378	22.78388278
1.53548	22.95482295
1.53718	23.12576313
1.53888	22.78388278
1.54058	22.49084249
1.54228	22.51526252
1.54398	22.46642247
1.54568	22.14896215
1.54738	21.83150183
1.54908	21.9047619
1.55078	22.1001221
1.55248	21.97802198
1.55418	21.75824176
1.55588	21.80708181
1.55758	21.83150183
1.55928	21.83150183
1.56098	21.41636142
1.56268	20.97680098
1.56438	21.0989011
1.56608	21.29426129
1.56778	20.95238095
1.56948	20.83028083
1.57118	21.0989011
1.57288	20.80586081
1.57458	20.63492063
1.57628	20.58608059
1.57798	20.97680098
1.57968	20.75702076
1.58138	20.48840049
1.58308	20.02442002
1.58478	20.51282051
1.58648	19.95115995
1.58818	20.1953602
1.58988	19.73137973
1.59158	20.04884005
1.59328	20.26862027
1.59498	19.78021978
1.59668	19.95115995
1.59838	19.97557998
1.60008	19.48717949
1.60178	19.87789988
1.60348	19.58485958
1.60518	19.65811966
1.60688	19.21855922
1.60858	19.48717949
1.61028	19.14529915
1.61198	19.31623932
1.61368	19.14529915
1.61538	19.12087912
1.61708	19.41391941
1.61878	19.21855922
1.62048	18.998779
1.62218	19.41391941
1.62388	18.70573871
1.62558	18.70573871
1.62728	18.58363858
1.62898	18.63247863
1.63068	18.73015873
1.63238	18.73015873
1.63408	18.43711844
1.63578	18.51037851
1.63748	18.43711844
1.63918	18.04639805
1.64088	18.58363858
1.64258	18.04639805
1.64428	18.24175824
1.64598	17.92429792
1.64768	17.43589744
1.64938	17.7045177
1.65108	17.75335775
1.65278	17.68009768
1.65448	17.65567766
1.65618	17.58241758
1.65788	17.72893773
1.65958	17.65567766
1.66128	17.8021978
1.66298	17.11843712
1.66468	17.19169719
1.66638	17.28937729
1.66808	17.24053724
1.66978	17.24053724
1.67148	16.996337
1.67318	17.36263736
1.67488	16.87423687
1.67658	17.02075702
1.67828	16.92307692
1.67998	16.82539683
1.68168	16.8009768
1.68338	16.43467643
1.68508	16.65445665
1.68678	16.77655678
1.68848	16.41025641
1.69018	16.45909646
1.69188	16.87423687
1.69358	16.72771673
1.69528	16.38583639
1.69698	16.72771673
1.69868	16.31257631
1.70038	16.06837607
1.70208	15.94627595
1.70378	16.06837607
1.70548	16.45909646
1.70718	15.87301587
1.70888	15.94627595
1.71058	15.40903541
1.71228	16.04395604
1.71398	15.62881563
1.71568	16.01953602
1.71738	15.8974359
1.71908	15.7020757
1.72078	15.82417582
1.72248	15.45787546
1.72418	15.82417582
1.72588	15.53113553
1.72758	15.75091575
1.72928	15.55555556
1.73098	15.31135531
1.73268	15.55555556
1.73438	15.62881563
1.73608	15.36019536
1.73778	15.09157509
1.73948	15.26251526
1.74118	15.09157509
1.74288	15.11599512
1.74458	15.01831502
1.74628	14.92063492
1.74798	14.57875458
1.74968	14.52991453
1.75138	14.96947497
1.75308	15.23809524
1.75478	14.57875458
1.75648	15.18925519
1.75818	14.8962149
1.75988	14.45665446
1.76158	14.45665446
1.76328	14.35897436
1.76498	14.31013431
1.76668	14.50549451
1.76838	14.31013431
1.77008	14.18803419
1.77178	14.38339438
1.77348	14.65201465
1.77518	14.21245421
1.77688	14.35897436
1.77858	14.11477411
1.78028	14.06593407
1.78198	13.96825397
1.78368	13.77289377
1.78538	13.99267399
1.78708	13.84615385
1.78878	13.82173382
1.79048	13.57753358
1.79218	13.89499389
1.79388	13.94383394
1.79558	13.84615385
1.79728	13.84615385
1.79898	14.06593407
1.80068	14.01709402
1.80238	13.45543346
1.80408	13.43101343
1.80578	13.47985348
1.80748	13.21123321
1.80918	13.21123321
1.81088	13.33333333
1.81258	13.38217338
1.81428	13.23565324
1.81598	13.38217338
1.81768	13.26007326
1.81938	12.6984127
1.82108	13.04029304
1.82278	12.89377289
1.82448	12.84493284
1.82618	12.82051282
1.82788	12.86935287
1.82958	13.04029304
1.83128	12.82051282
1.83298	12.91819292
1.83468	12.99145299
1.83638	12.72283272
1.83808	12.62515263
1.83978	12.52747253
1.84148	12.55189255
1.84318	12.18559219
1.84488	12.42979243
1.84658	12.40537241
1.84828	12.5030525
1.84998	12.35653236
1.85168	12.57631258
1.85338	12.47863248
1.85508	12.25885226
1.85678	12.21001221
1.85848	12.06349206
1.86018	12.25885226
1.86188	11.72161172
1.86358	12.01465201
1.86528	11.91697192
1.86698	11.96581197
1.86868	11.84371184
1.87038	11.33089133
1.87208	11.81929182
1.87378	12.06349206
1.87548	11.77045177
1.87718	11.47741148
1.87888	11.91697192
1.88058	11.35531136
1.88228	11.4041514
1.88398	11.15995116
1.88568	11.33089133
1.88738	11.55067155
1.88908	11.5018315
1.89078	11.67277167
1.89248	11.42857143
1.89418	11.20879121
1.89588	11.15995116
1.89758	11.06227106
1.89928	11.03785104
1.90098	11.35531136
1.90268	10.72039072
1.90438	10.74481074
1.90608	10.84249084
1.90778	10.76923077
1.90948	10.4029304
1.91118	10.52503053
1.91288	10.86691087
1.91458	10.94017094
1.91628	10.81807082
1.91798	10.5982906
1.91968	10.81807082
1.92138	10.52503053
1.92308	10.35409035
1.92478	10.57387057
1.92648	10.54945055
1.92818	10.5982906
1.92988	10.42735043
1.93158	10.5006105
1.93328	10.18315018
1.93498	10.37851038
1.93668	10.30525031
1.93838	10.08547009
1.94008	10.42735043
1.94178	10.03663004
1.94348	9.914529915
1.94518	9.865689866
1.94688	9.987789988
1.94858	10.03663004
1.95028	9.645909646
1.95198	9.987789988
1.95368	10.06105006
1.95538	10.15873016
1.95708	9.89010989
1.95878	9.987789988
1.96048	9.865689866
1.96218	9.474969475
1.96388	9.401709402
1.96558	9.401709402
1.96728	9.230769231
1.96898	9.914529915
1.97068	9.377289377
1.97238	10.10989011
1.97408	9.572649573
1.97578	9.474969475
1.97748	8.986568987
1.97918	8.717948718
1.98088	9.206349206
1.98258	8.815628816
1.98428	9.450549451
1.98598	9.206349206
1.98768	9.328449328
1.98938	9.108669109
1.99108	9.157509158
1.99278	8.913308913
1.99448	8.864468864
1.99618	9.010989011
1.99788	8.595848596
1.99958	9.010989011
2.00128	9.05982906
2.00298	8.815628816
2.00468	8.547008547
2.00638	8.473748474
2.00808	8.376068376
2.00978	8.498168498
2.01148	8.742368742
2.01318	8.791208791
2.01488	8.424908425
2.01658	8.595848596
2.01828	7.936507937
2.01998	8.302808303
2.02168	8.034188034
2.02338	8.278388278
2.02508	8.083028083
2.02678	7.985347985
2.02848	8.058608059
2.03018	8.034188034
2.03188	8.131868132
2.03358	8.302808303
2.03528	8.058608059
2.03698	7.78998779
2.03868	8.034188034
2.04038	7.78998779
2.04208	7.838827839
2.04378	7.496947497
2.04548	7.838827839
2.04718	7.692307692
2.04888	7.814407814
2.05058	7.496947497
2.05228	7.863247863
2.05398	7.545787546
2.05568	7.545787546
2.05738	7.643467643
2.05908	7.448107448
2.06078	7.374847375
2.06248	7.130647131
2.06418	6.666666667
2.06588	7.228327228
2.06758	7.399267399
2.06928	7.179487179
2.07098	7.081807082
2.07268	7.326007326
2.07438	7.032967033
2.07608	7.203907204
2.07778	6.935286935
2.07948	7.008547009
2.08118	6.910866911
2.08288	6.95970696
2.08458	6.837606838
2.08628	6.764346764
2.08798	6.666666667
2.08968	6.471306471
2.09138	6.495726496
2.09308	6.691086691
2.09478	6.95970696
2.09648	6.910866911
2.09818	6.422466422
2.09988	6.813186813
2.10158	6.227106227
2.10328	6.495726496
2.10498	6.275946276
2.10668	6.691086691
2.10838	6.349206349
2.11008	6.056166056
2.11178	6.910866911
2.11348	6.73992674
2.11518	6.568986569
2.11688	6.3003663
2.11858	6.691086691
2.12028	6.3003663
2.12198	6.080586081
2.12368	5.885225885
2.12538	6.153846154
2.12708	6.080586081
2.12878	6.080586081
2.13048	6.227106227
2.13218	6.007326007
2.13388	6.080586081
2.13558	6.178266178
2.13728	5.347985348
2.13898	5.885225885
2.14068	5.982905983
2.14238	5.836385836
2.14408	5.68986569
2.14578	5.225885226
2.14748	5.616605617
2.14918	5.494505495
2.15088	5.299145299
2.15258	5.421245421
2.15428	5.665445665
2.15598	5.592185592
2.15768	5.128205128
2.15938	5.445665446
2.16108	5.567765568
2.16278	5.372405372
2.16448	5.567765568
2.16618	5.225885226
2.16788	5.518925519
2.16958	5.128205128
2.17128	5.445665446
2.17298	5.323565324
2.17468	5.25030525
2.17638	4.85958486
2.17808	5.079365079
2.17978	4.835164835
2.18148	4.835164835
2.18318	4.615384615
2.18488	4.957264957
2.18658	5.006105006
2.18828	4.688644689
2.18998	4.713064713
2.19168	5.103785104
2.19338	4.737484737
2.19508	5.103785104
2.19678	4.63980464
2.19848	4.517704518
2.20018	5.054945055
2.20188	4.590964591
2.20358	4.42002442
2.20528	4.273504274
2.20698	4.761904762
2.20868	4.713064713
2.21038	4.981684982
2.21208	5.054945055
2.21378	4.273504274
2.21548	4.468864469
2.21718	4.004884005
2.21888	4.151404151
2.22058	4.590964591
2.22228	4.371184371
2.22398	4.053724054
2.22568	4.053724054
2.22738	4.590964591
2.22908	4.322344322
2.23078	4.346764347
2.23248	4.249084249
2.23418	4.371184371
2.23588	4.102564103
2.23758	4.126984127
2.23928	3.956043956
2.24098	4.126984127
2.24268	4.078144078
2.24438	3.833943834
2.24608	4.053724054
2.24778	3.882783883
2.24948	4.102564103
2.25118	4.151404151
2.25288	4.029304029
2.25458	3.858363858
2.25628	3.80952381
2.25798	3.540903541
2.25968	3.907203907
2.26138	3.443223443
2.26308	3.296703297
2.26478	3.394383394
2.26648	3.736263736
2.26818	3.80952381
2.26988	3.760683761
2.27158	3.565323565
2.27328	3.492063492
2.27498	3.687423687
2.27668	3.418803419
2.27838	3.296703297
2.28008	3.663003663
2.28178	3.223443223
2.28348	3.223443223
2.28518	3.418803419
2.28688	3.36996337
2.28858	3.687423687
2.29028	3.15018315
2.29198	3.467643468
2.29368	3.516483516
2.29538	3.443223443
2.29708	2.808302808
2.29878	2.979242979
2.30048	2.808302808
2.30218	2.832722833
2.30388	3.028083028
2.30558	2.905982906
2.30728	3.15018315
2.30898	3.028083028
2.31068	3.125763126
2.31238	3.296703297
2.31408	3.199023199
2.31578	2.905982906
2.31748	2.564102564
2.31918	2.783882784
2.32088	2.832722833
2.32258	3.028083028
2.32428	3.125763126
2.32598	2.832722833
2.32768	3.003663004
2.32938	2.954822955
2.33108	2.954822955
2.33278	3.125763126
2.33448	2.881562882
2.33618	3.15018315
2.33788	2.710622711
2.33958	2.735042735
2.34128	2.466422466
2.34298	2.661782662
2.34468	2.686202686
2.34638	2.857142857
2.34808	2.466422466
2.34978	2.490842491
2.35148	2.954822955
2.35318	2.393162393
2.35488	2.735042735
2.35658	2.417582418
2.35828	2.295482295
2.35998	2.417582418
2.36168	1.953601954
2.36338	2.466422466
2.36508	2.686202686
2.36678	2.783882784
2.36848	2.393162393
2.37018	2.368742369
2.37188	2.466422466
2.37358	2.271062271
2.37528	2.442002442
2.37698	2.075702076
2.37868	2.051282051
2.38038	2.246642247
2.38208	2.295482295
2.38378	2.368742369
2.38548	2.222222222
2.38718	2.246642247
2.38888	2.002442002
2.39058	1.831501832
2.39228	2.1001221
2.39398	2.442002442
2.39568	2.271062271
2.39738	1.904761905
2.39908	1.733821734
2.40078	1.831501832
2.40248	1.709401709
2.40418	1.758241758
2.40588	1.660561661
2.40758	2.393162393
2.40928	1.929181929
2.41098	1.831501832
2.41268	1.953601954
2.41438	1.855921856
2.41608	1.636141636
2.41778	1.782661783
2.41948	1.807081807
2.42118	1.48962149
2.42288	1.684981685
2.42458	1.782661783
2.42628	1.929181929
2.42798	1.855921856
2.42968	1.782661783
2.43138	1.26984127
2.43308	1.318681319
2.43478	1.294261294
2.43648	1.196581197
2.43818	1.855921856
2.43988	1.758241758
2.44158	1.367521368
2.44328	1.733821734
2.44498	1.245421245
2.44668	1.684981685
2.44838	1.48962149
2.45008	1.294261294
2.45178	1.343101343
2.45348	1.098901099
2.45518	1.587301587
2.45688	1.343101343
2.45858	1.440781441
2.46028	1.26984127
2.46198	0.927960928
2.46368	1.587301587
2.46538	1.098901099
2.46708	1.367521368
2.46878	1.514041514
2.47048	1.196581197
2.47218	1.196581197
2.47388	0.9523809524
2.47558	0.8302808303
2.47728	1.074481074
2.47898	0.8302808303
2.48068	0.6837606838
2.48238	1.294261294
2.48408	1.05006105
2.48578	1.172161172
2.48748	0.9035409035
2.48918	1.26984127
2.49088	1.05006105
2.49258	0.927960928
2.49428	1.074481074
2.49598	1.123321123
2.49768	0.7814407814
2.49938	1.05006105
2.50108	0.927960928
2.50278	1.172161172
2.50448	0.6593406593
2.50618	1.025641026
2.50788	0.8058608059
2.50958	1.025641026
2.51128	0.7814407814
2.51298	0.6349206349
2.51468	0.6349206349
2.51638	0.2197802198
2.51808	0.9035409035
2.51978	0.3907203907
2.52148	0.6105006105
2.52318	0.8302808303
2.52488	0.2686202686
2.52658	0.4884004884
2.52828	0.463980464
2.52998	0.7326007326
2.53168	0.3418803419
2.53338	0.5616605617
2.53508	0.4395604396
2.53678	0.4395604396
2.53848	0.5128205128
2.54018	0.4151404151
2.54188	0.757020757
2.54358	0.6837606838
2.54528	0.5128205128
2.54698	0.5128205128
2.54868	0.6593406593
2.55038	0.7081807082
2.55208	0.1709401709
2.55378	0.293040293
2.55548	0.5372405372
2.55718	0.757020757
2.55888	0.1709401709
2.56058	0.2197802198
2.56228	0.7814407814
2.56398	0.463980464
2.56568	0.4151404151
2.56738	0.2442002442
2.56908	0.3663003663
2.57078	0.4395604396
2.57248	0.02442002442
2.57418	0.3418803419
2.57588	0.09768009768
2.57758	0.463980464
2.57928	0.5860805861
2.58098	0.1953601954
2.58268	0.5860805861
2.58438	0.7326007326
2.58608	0.757020757
2.58778	0.757020757
2.58948	0.4395604396
2.59118	0.757020757
2.59288	0.1221001221
2.59458	0.8058608059
2.59628	0.6349206349
2.59798	0.6349206349
2.59968	0.3663003663
2.60138	0.8058608059
2.60308	0.8547008547
2.60478	1.074481074
2.60648	0.4151404151
2.60818	0.293040293
2.60988	0.7814407814
2.61158	0.293040293
2.61328	0.7081807082
2.61498	0.6837606838
2.61668	1.147741148
2.61838	1.001221001
2.62008	0.8547008547
2.62178	0.7326007326
2.62348	0.6349206349
2.62518	1.123321123
2.62688	0.757020757
2.62858	0.757020757
2.63028	0.8547008547
2.63198	1.025641026
2.63368	0.927960928
2.63538	0.8302808303
2.63708	1.001221001
2.63878	1.123321123
2.64048	1.196581197
2.64218	0.7326007326
2.64388	0.8791208791
2.64558	1.098901099
2.64728	0.8547008547
2.64898	0.8791208791
2.65068	1.245421245
2.65238	1.26984127
2.65408	1.172161172
2.65578	0.9035409035
2.65748	1.05006105
2.65918	1.221001221
2.66088	1.660561661
2.66258	0.9768009768
2.66428	1.343101343
2.66598	1.514041514
2.66768	1.001221001
2.66938	1.172161172
2.67108	1.123321123
2.67278	0.9035409035
2.67448	1.245421245
2.67618	1.440781441
2.67788	1.733821734
2.67958	1.147741148
2.68128	2.173382173
2.68298	1.367521368
2.68468	1.514041514
2.68638	1.245421245
2.68808	1.48962149
2.68978	1.465201465
2.69148	1.538461538
2.69318	1.440781441
2.69488	1.05006105
2.69658	1.514041514
2.69828	1.48962149
2.69998	2.1001221
2.70168	1.904761905
2.70338	1.636141636
2.70508	1.929181929
2.70678	1.465201465
2.70848	1.343101343
2.71018	1.636141636
2.71188	1.538461538
2.71358	1.929181929
2.71528	2.051282051
2.71698	1.587301587
2.71868	1.831501832
2.72038	1.831501832
2.72208	1.465201465
2.72378	1.538461538
2.72548	1.953601954
2.72718	1.514041514
2.72888	1.48962149
2.73058	1.709401709
2.73228	1.978021978
2.73398	1.660561661
2.73568	2.075702076
2.73738	2.222222222
2.73908	2.173382173
2.74078	2.051282051
2.74248	1.855921856
2.74418	2.295482295
2.74588	1.88034188
2.74758	2.148962149
2.74928	2.295482295
2.75098	2.002442002
2.75268	1.953601954
2.75438	1.733821734
2.75608	2.271062271
2.75778	2.53968254
2.75948	2.393162393
2.76118	2.344322344
2.76288	2.124542125
2.76458	2.295482295
2.76628	2.222222222
2.76798	2.075702076
2.76968	2.075702076
2.77138	2.31990232
2.77308	2.295482295
2.77478	1.929181929
2.77648	2.173382173
2.77818	2.417582418
2.77988	2.53968254
2.78158	2.637362637
2.78328	2.222222222
2.78498	2.564102564
2.78668	1.904761905
2.78838	2.393162393
2.79008	2.173382173
2.79178	2.612942613
2.79348	2.588522589
2.79518	2.612942613
2.79688	1.953601954
2.79858	2.612942613
2.80028	2.735042735
2.80198	2.393162393
2.80368	2.271062271
2.80538	2.710622711
2.80708	2.466422466
2.80878	2.588522589
2.81048	2.344322344
2.81218	2.661782662
2.81388	2.637362637
2.81558	2.393162393
2.81728	3.101343101
2.81898	2.417582418
2.82068	2.735042735
2.82238	2.344322344
2.82408	2.661782662
2.82578	2.881562882
2.82748	2.637362637
2.82918	2.466422466
2.83088	2.686202686
2.83258	2.979242979
2.83428	2.612942613
2.83598	2.515262515
2.83768	3.028083028
2.83938	2.808302808
2.84108	2.759462759
2.84278	3.003663004
2.84448	2.905982906
2.84618	2.783882784
2.84788	3.028083028
2.84958	2.53968254
2.85128	2.979242979
2.85298	3.125763126
2.85468	3.125763126
2.85638	2.783882784
2.85808	2.808302808
2.85978	3.296703297
2.86148	3.272283272
2.86318	2.612942613
2.86488	3.394383394
2.86658	2.759462759
2.86828	2.905982906
2.86998	2.808302808
2.87168	2.661782662
2.87338	2.735042735
2.87508	3.052503053
2.87678	3.125763126
2.87848	3.125763126
2.88018	2.881562882
2.88188	2.93040293
2.88358	3.125763126
2.88528	3.125763126
2.88698	2.93040293
2.88868	2.808302808
2.89038	3.58974359
2.89208	3.540903541
2.89378	3.345543346
2.89548	3.125763126
2.89718	3.223443223
2.89888	3.394383394
2.90058	3.345543346
2.90228	3.125763126
2.90398	3.223443223
2.90568	3.101343101
2.90738	3.199023199
2.90908	3.101343101
2.91078	3.174603175
2.91248	3.36996337
2.91418	3.36996337
2.91588	3.36996337
2.91758	3.711843712
2.91928	3.931623932
2.92098	3.272283272
2.92268	3.345543346
2.92438	3.296703297
2.92608	3.321123321
2.92778	3.565323565
2.92948	3.028083028
2.93118	3.076923077
2.93288	3.858363858
2.93458	3.174603175
2.93628	3.58974359
2.93798	3.663003663
2.93968	3.687423687
2.94138	3.711843712
2.94308	3.101343101
2.94478	3.443223443
2.94648	3.345543346
2.94818	2.954822955
2.94988	2.808302808
2.95158	3.296703297
2.95328	3.516483516
2.95498	3.467643468
2.95668	3.687423687
2.95838	3.565323565
2.96008	3.394383394
2.96178	3.394383394
2.96348	3.321123321
2.96518	3.736263736
2.96688	3.394383394
2.96858	3.614163614
2.97028	3.418803419
2.97198	3.663003663
2.97368	3.345543346
2.97538	3.492063492
2.97708	3.467643468
2.97878	4.053724054
2.98048	3.687423687
2.98218	3.492063492
2.98388	3.394383394
2.98558	3.492063492
2.98728	3.516483516
2.98898	3.443223443
2.99068	3.614163614
2.99238	3.540903541
2.99408	3.80952381
2.99578	3.736263736
2.99748	3.58974359
2.99918	3.760683761
3.00088	3.663003663
3.00258	3.516483516
3.00428	3.858363858
3.00598	3.760683761
3.00768	3.272283272
3.00938	3.516483516
3.01108	3.565323565
3.01278	3.663003663
3.01448	3.663003663
3.01618	3.565323565
3.01788	3.931623932
3.01958	3.80952381
3.02128	3.492063492
3.02298	3.565323565
3.02468	3.785103785
3.02638	3.58974359
3.02808	3.760683761
3.02978	3.736263736
3.03148	3.58974359
3.03318	3.931623932
3.03488	3.736263736
3.03658	3.663003663
3.03828	3.321123321
3.03998	3.98046398
3.04168	3.760683761
3.04338	3.443223443
3.04508	3.98046398
3.04678	3.565323565
3.04848	3.711843712
3.05018	3.614163614
3.05188	3.736263736
3.05358	4.053724054
3.05528	3.36996337
3.05698	3.98046398
3.05868	3.614163614
3.06038	3.785103785
3.06208	3.760683761
3.06378	3.516483516
3.06548	3.882783883
3.06718	3.516483516
3.06888	3.614163614
3.07058	3.394383394
3.07228	3.638583639
3.07398	3.907203907
3.07568	3.785103785
3.07738	3.931623932
3.07908	3.736263736
3.08078	3.98046398
3.08248	3.785103785
3.08418	3.80952381
3.08588	3.565323565
3.08758	4.102564103
3.08928	3.760683761
3.09098	3.956043956
3.09268	4.053724054
3.09438	3.711843712
3.09608	3.760683761
3.09778	3.907203907
3.09948	3.711843712
3.10118	3.638583639
3.10288	3.565323565
3.10458	3.833943834
3.10628	3.663003663
3.10798	3.760683761
3.10968	3.833943834
3.11138	3.711843712
3.11308	3.931623932
3.11478	3.907203907
3.11648	3.736263736
3.11818	4.004884005
3.11988	4.273504274
3.12158	3.98046398
3.12328	3.760683761
3.12498	3.565323565
3.12668	3.565323565
3.12838	3.663003663
3.13008	3.882783883
3.13178	3.931623932
3.13348	3.907203907
3.13518	3.614163614
3.13688	4.126984127
3.13858	3.80952381
3.14028	3.785103785
3.14198	3.516483516
3.14368	3.540903541
3.14538	3.467643468
3.14708	3.540903541
3.14878	3.711843712
3.15048	3.882783883
3.15218	3.736263736
3.15388	3.687423687
3.15558	3.565323565
3.15728	3.931623932
3.15898	3.785103785
3.16068	4.2002442
3.16238	3.711843712
3.16408	3.736263736
3.16578	3.931623932
3.16748	3.443223443
3.16918	3.882783883
3.17088	3.687423687
3.17258	3.907203907
3.17428	3.638583639
3.17598	3.540903541
3.17768	3.931623932
3.17938	3.931623932
3.18108	3.882783883
3.18278	3.467643468
3.18448	3.736263736
3.18618	3.516483516
3.18788	3.394383394
3.18958	3.296703297
3.19128	4.078144078
3.19298	3.565323565
3.19468	3.760683761
3.19638	3.785103785
3.19808	3.785103785
3.19978	3.58974359
3.20148	3.711843712
3.20318	3.540903541
3.20488	3.931623932
3.20658	3.345543346
3.20828	4.029304029
3.20998	3.296703297
3.21168	3.785103785
3.21338	3.931623932
3.21508	3.565323565
3.21678	4.004884005
3.21848	3.785103785
3.22018	3.833943834
3.22188	3.394383394
3.22358	3.58974359
3.22528	3.907203907
3.22698	3.467643468
3.22868	3.614163614
3.23038	3.736263736
3.23208	3.785103785
3.23378	3.98046398
3.23548	3.931623932
3.23718	3.907203907
3.23888	3.614163614
3.24058	4.053724054
3.24228	3.711843712
3.24398	3.565323565
3.24568	3.394383394
3.24738	3.663003663
3.24908	3.785103785
3.25078	3.663003663
3.25248	3.760683761
3.25418	3.272283272
3.25588	3.80952381
3.25758	3.833943834
3.25928	4.053724054
3.26098	3.785103785
3.26268	3.516483516
3.26438	3.638583639
3.26608	3.58974359
3.26778	3.736263736
3.26948	3.125763126
3.27118	3.565323565
3.27288	4.175824176
3.27458	3.565323565
3.27628	3.931623932
3.27798	3.687423687
3.27968	3.663003663
3.28138	3.907203907
3.28308	3.394383394
3.28478	3.80952381
3.28648	3.516483516
3.28818	3.516483516
3.28988	3.247863248
3.29158	3.492063492
3.29328	4.126984127
3.29498	3.663003663
3.29668	3.663003663
3.29838	4.078144078
3.30008	3.565323565
3.30178	3.296703297
3.30348	3.663003663
3.30518	3.467643468
3.30688	3.443223443
3.30858	3.833943834
3.31028	3.467643468
3.31198	4.395604396
3.31368	3.760683761
3.31538	3.663003663
3.31708	3.296703297
3.31878	3.687423687
3.32048	3.492063492
3.32218	3.785103785
3.32388	3.565323565
3.32558	3.58974359
3.32728	3.492063492
3.32898	3.418803419
3.33068	3.614163614
3.33238	3.833943834
3.33408	4.029304029
3.33578	3.394383394
3.33748	3.785103785
3.33918	3.516483516
3.34088	3.614163614
3.34258	3.931623932
3.34428	3.443223443
3.34598	3.614163614
3.34768	3.467643468
3.34938	3.36996337
3.35108	3.492063492
3.35278	3.907203907
3.35448	3.907203907
3.35618	3.638583639
3.35788	3.516483516
3.35958	3.98046398
3.36128	3.540903541
3.36298	3.492063492
3.36468	3.663003663
3.36638	3.565323565
3.36808	3.467643468
3.36978	3.36996337
3.37148	3.98046398
3.37318	3.785103785
3.37488	3.272283272
3.37658	3.736263736
3.37828	3.516483516
3.37998	3.614163614
3.38168	3.052503053
3.38338	3.36996337
3.38508	3.736263736
3.38678	3.833943834
3.38848	3.516483516
3.39018	3.272283272
3.39188	3.80952381
3.39358	3.321123321
3.39528	3.418803419
3.39698	3.80952381
3.39868	3.565323565
3.40038	3.80952381
3.40208	3.15018315
3.40378	3.467643468
3.40548	3.516483516
3.40718	3.272283272
3.40888	3.540903541
3.41058	3.443223443
3.41228	3.614163614
3.41398	4.004884005
3.41568	3.711843712
3.41738	3.98046398
3.41908	3.785103785
3.42078	3.540903541
3.42248	3.687423687
3.42418	3.565323565
3.42588	3.516483516
3.42758	3.614163614
3.42928	3.858363858
3.43098	3.687423687
3.43268	3.760683761
3.43438	3.272283272
3.43608	3.36996337
3.43778	3.540903541
3.43948	3.687423687
3.44118	3.58974359
3.44288	3.687423687
3.44458	3.882783883
3.44628	3.858363858
3.44798	3.760683761
3.44968	3.345543346
3.45138	3.296703297
3.45308	4.004884005
3.45478	3.345543346
3.45648	3.833943834
3.45818	3.345543346
3.45988	3.736263736
3.46158	3.15018315
3.46328	3.052503053
3.46498	3.296703297
3.46668	3.492063492
3.46838	3.736263736
3.47008	3.565323565
3.47178	4.029304029
3.47348	3.858363858
3.47518	3.663003663
3.47688	3.638583639
3.47858	3.711843712
3.48028	3.638583639
3.48198	3.467643468
3.48368	3.614163614
3.48538	3.467643468
3.48708	3.58974359
3.48878	3.687423687
3.49048	3.296703297
3.49218	3.565323565
3.49388	3.98046398
3.49558	4.029304029
3.49728	3.418803419
3.49898	3.565323565
3.50068	3.736263736
3.50238	3.516483516
3.50408	3.638583639
3.50578	3.36996337
3.50748	3.467643468
3.50918	3.492063492
3.51088	3.492063492
3.51258	3.565323565
3.51428	3.345543346
3.51598	3.760683761
3.51768	3.614163614
3.51938	3.736263736
3.52108	3.687423687
3.52278	3.516483516
3.52448	3.565323565
3.52618	3.36996337
3.52788	3.614163614
3.52958	3.345543346
3.53128	3.760683761
3.53298	3.614163614
3.53468	3.833943834
3.53638	3.15018315
3.53808	3.614163614
3.53978	3.443223443
3.54148	3.345543346
3.54318	3.467643468
3.54488	3.687423687
3.54658	3.833943834
3.54828	3.80952381
3.54998	3.418803419
3.55168	3.736263736
3.55338	3.663003663
3.55508	3.736263736
3.55678	3.394383394
3.55848	3.492063492
3.56018	3.736263736
3.56188	3.36996337
3.56358	3.467643468
3.56528	3.223443223
3.56698	3.467643468
3.56868	4.053724054
3.57038	3.736263736
3.57208	3.785103785
3.57378	3.663003663
3.57548	3.614163614
3.57718	3.760683761
3.57888	3.540903541
3.58058	3.565323565
3.58228	3.882783883
3.58398	3.516483516
3.58568	3.785103785
3.58738	3.614163614
3.58908	3.540903541
3.59078	3.492063492
3.59248	3.687423687
3.59418	3.565323565
3.59588	3.296703297
3.59758	3.36996337
3.59928	3.418803419
3.60098	3.467643468
3.60268	3.565323565
3.60438	3.247863248
3.60608	3.516483516
3.60778	3.540903541
3.60948	3.540903541
3.61118	3.956043956
3.61288	3.736263736
3.61458	3.760683761
3.61628	3.443223443
3.61798	3.492063492
3.61968	4.078144078
3.62138	3.467643468
3.62308	3.321123321
3.62478	3.540903541
3.62648	3.36996337
3.62818	3.638583639
3.62988	3.418803419
3.63158	3.443223443
3.63328	3.882783883
3.63498	3.760683761
3.63668	3.418803419
3.63838	3.321123321
3.64008	3.711843712
3.64178	3.174603175
3.64348	3.223443223
3.64518	3.565323565
3.64688	3.321123321
3.64858	3.663003663
3.65028	3.394383394
3.65198	3.540903541
3.65368	3.760683761
3.65538	3.931623932
3.65708	3.516483516
3.65878	3.443223443
3.66048	3.614163614
3.66218	3.516483516
3.66388	3.36996337
3.66558	3.58974359
3.66728	3.736263736
3.66898	3.736263736
3.67068	3.296703297
3.67238	3.760683761
3.67408	3.687423687
3.67578	3.467643468
3.67748	3.223443223
3.67918	3.736263736
3.68088	3.467643468
3.68258	3.36996337
3.68428	3.223443223
3.68598	3.36996337
3.68768	3.540903541
3.68938	3.467643468
3.69108	3.663003663
3.69278	3.345543346
3.69448	3.736263736
3.69618	3.663003663
3.69788	3.223443223
3.69958	3.321123321
3.70128	3.321123321
3.70298	3.247863248
3.70468	3.638583639
3.70638	3.199023199
3.70808	3.443223443
3.70978	3.467643468
3.71148	3.711843712
3.71318	3.492063492
3.71488	3.785103785
3.71658	3.540903541
3.71828	3.516483516
3.71998	3.638583639
3.72168	3.516483516
3.72338	3.321123321
3.72508	3.467643468
3.72678	3.565323565
3.72848	3.614163614
3.73018	3.663003663
3.73188	3.467643468
3.73358	3.736263736
3.73528	3.663003663
3.73698	3.492063492
3.73868	3.394383394
3.74038	3.540903541
3.74208	3.418803419
3.74378	3.052503053
3.74548	3.467643468
3.74718	3.443223443
3.74888	3.663003663
3.75058	3.223443223
3.75228	3.443223443
3.75398	3.272283272
3.75568	3.223443223
3.75738	3.272283272
3.75908	3.418803419
3.76078	3.321123321
3.76248	3.247863248
3.76418	3.101343101
3.76588	3.076923077
3.76758	3.394383394
3.76928	3.467643468
3.77098	3.36996337
3.77268	3.80952381
3.77438	3.345543346
3.77608	3.174603175
3.77778	2.881562882
3.77948	3.247863248
3.78118	2.979242979
3.78288	3.247863248
3.78458	3.443223443
3.78628	3.443223443
3.78798	3.858363858
3.78968	3.443223443
3.79138	3.638583639
3.79308	3.223443223
3.79478	3.663003663
3.79648	3.296703297
3.79818	3.223443223
3.79988	3.101343101
3.80158	3.101343101
3.80328	3.028083028
3.80498	3.052503053
3.80668	3.345543346
3.80838	3.247863248
3.81008	3.174603175
3.81178	3.223443223
3.81348	2.783882784
3.81518	3.321123321
3.81688	3.174603175
3.81858	3.663003663
3.82028	2.881562882
3.82198	3.418803419
3.82368	3.15018315
3.82538	3.36996337
3.82708	3.174603175
3.82878	3.052503053
3.83048	3.076923077
3.83218	3.028083028
3.83388	3.101343101
3.83558	3.516483516
3.83728	3.223443223
3.83898	3.003663004
3.84068	3.15018315
3.84238	3.174603175
3.84408	3.345543346
3.84578	3.125763126
3.84748	3.418803419
3.84918	3.052503053
3.85088	3.345543346
3.85258	3.443223443
3.85428	3.296703297
3.85598	3.199023199
3.85768	2.808302808
3.85938	3.174603175
3.86108	3.296703297
3.86278	2.905982906
3.86448	3.003663004
3.86618	3.174603175
3.86788	2.881562882
3.86958	3.199023199
3.87128	3.467643468
3.87298	3.125763126
3.87468	3.028083028
3.87638	3.174603175
3.87808	2.808302808
3.87978	3.247863248
3.88148	2.832722833
3.88318	2.735042735
3.88488	2.588522589
3.88658	2.783882784
3.88828	3.394383394
3.88998	2.954822955
3.89168	3.028083028
3.89338	3.101343101
3.89508	3.076923077
3.89678	3.052503053
3.89848	2.808302808
3.90018	2.905982906
3.90188	2.686202686
3.90358	3.125763126
3.90528	2.710622711
3.90698	3.125763126
3.90868	3.174603175
3.91038	3.125763126
3.91208	2.857142857
3.91378	3.272283272
3.91548	2.979242979
3.91718	3.003663004
3.91888	2.905982906
3.92058	2.857142857
3.92228	3.028083028
3.92398	2.686202686
3.92568	2.735042735
3.92738	3.247863248
3.92908	2.954822955
3.93078	3.003663004
3.93248	2.93040293
3.93418	2.93040293
3.93588	3.076923077
3.93758	2.53968254
3.93928	3.003663004
3.94098	2.735042735
3.94268	2.710622711
3.94438	2.979242979
3.94608	2.808302808
3.94778	2.808302808
3.94948	2.661782662
3.95118	2.881562882
3.95288	2.710622711
3.95458	2.759462759
3.95628	2.857142857
3.95798	2.637362637
3.95968	2.515262515
3.96138	2.857142857
3.96308	2.954822955
3.96478	2.954822955
3.96648	3.174603175
3.96818	2.53968254
3.96988	2.759462759
3.97158	2.93040293
3.97328	2.735042735
3.97498	2.710622711
3.97668	2.588522589
3.97838	2.710622711
3.98008	2.344322344
3.98178	2.564102564
3.98348	2.954822955
3.98518	2.735042735
3.98688	2.881562882
3.98858	3.223443223
3.99028	2.783882784
3.99198	2.93040293
3.99368	2.710622711
3.99538	2.686202686
3.99708	2.148962149
3.99878	2.588522589
4.00048	2.53968254
4.00218	2.393162393
4.00388	2.442002442
4.00558	2.588522589
4.00728	2.661782662
4.00898	2.564102564
4.01068	2.368742369
4.01238	2.53968254
4.01408	2.881562882
4.01578	2.808302808
4.01748	2.442002442
4.01918	3.052503053
4.02088	2.344322344
4.02258	2.686202686
4.02428	2.612942613
4.02598	2.442002442
4.02768	2.612942613
4.02938	2.490842491
4.03108	2.466422466
4.03278	2.710622711
4.03448	2.124542125
4.03618	2.612942613
4.03788	2.344322344
4.03958	2.417582418
4.04128	2.442002442
4.04298	2.246642247
4.04468	2.124542125
4.04638	2.490842491
4.04808	2.637362637
4.04978	2.490842491
4.05148	2.564102564
4.05318	2.368742369
4.05488	2.588522589
4.05658	2.368742369
4.05828	2.612942613
4.05998	2.612942613
4.06168	2.393162393
4.06338	2.368742369
4.06508	2.393162393
4.06678	2.686202686
4.06848	2.515262515
4.07018	2.588522589
4.07188	2.53968254
4.07358	2.124542125
4.07528	2.588522589
4.07698	1.831501832
4.07868	2.246642247
4.08038	2.515262515
4.08208	2.197802198
4.08378	2.246642247
4.08548	2.222222222
4.08718	2.53968254
4.08888	2.832722833
4.09058	2.124542125
4.09228	2.271062271
4.09398	2.417582418
4.09568	2.197802198
4.09738	2.368742369
4.09908	2.393162393
4.10078	1.929181929
4.10248	2.515262515
4.10418	1.953601954
4.10588	2.393162393
4.10758	2.53968254
4.10928	2.222222222
4.11098	2.197802198
4.11268	2.051282051
4.11438	2.197802198
4.11608	2.026862027
4.11778	1.904761905
4.11948	2.271062271
4.12118	1.929181929
4.12288	2.271062271
4.12458	1.929181929
4.12628	2.295482295
4.12798	2.393162393
4.12968	2.075702076
4.13138	2.197802198
4.13308	2.466422466
4.13478	2.466422466
4.13648	1.733821734
4.13818	2.051282051
4.13988	2.075702076
4.14158	2.222222222
4.14328	2.295482295
4.14498	2.124542125
4.14668	2.442002442
4.14838	2.417582418
4.15008	2.124542125
4.15178	2.075702076
4.15348	2.148962149
4.15518	2.051282051
4.15688	1.953601954
4.15858	1.758241758
4.16028	2.075702076
4.16198	2.026862027
4.16368	1.953601954
4.16538	1.733821734
4.16708	2.075702076
4.16878	2.124542125
4.17048	2.051282051
4.17218	2.051282051
4.17388	1.733821734
4.17558	2.124542125
4.17728	1.611721612
4.17898	2.002442002
4.18068	1.855921856
4.18238	1.978021978
4.18408	2.002442002
4.18578	2.148962149
4.18748	2.246642247
4.18918	2.124542125
4.19088	2.075702076
4.19258	1.48962149
4.19428	2.124542125
4.19598	2.31990232
4.19768	1.978021978
4.19938	1.929181929
4.20108	2.148962149
4.20278	1.904761905
4.20448	1.758241758
4.20618	1.88034188
4.20788	2.002442002
4.20958	1.758241758
4.21128	1.88034188
4.21298	1.929181929
4.21468	1.807081807
4.21638	1.904761905
4.21808	1.611721612
4.21978	2.051282051
4.22148	1.758241758
4.22318	1.758241758
4.22488	1.807081807
4.22658	1.831501832
4.22828	1.978021978
4.22998	1.88034188
4.23168	1.782661783
4.23338	1.733821734
4.23508	2.197802198
4.23678	1.855921856
4.23848	1.758241758
4.24018	2.026862027
4.24188	1.953601954
4.24358	2.026862027
4.24528	1.88034188
4.24698	2.173382173
4.24868	2.173382173
4.25038	2.344322344
4.25208	2.002442002
4.25378	1.904761905
4.25548	1.929181929
4.25718	1.538461538
4.25888	1.514041514
4.26058	1.684981685
4.26228	1.953601954
4.26398	1.733821734
4.26568	1.684981685
4.26738	1.660561661
4.26908	1.929181929
4.27078	1.684981685
4.27248	1.807081807
4.27418	1.758241758
4.27588	1.514041514
4.27758	1.440781441
4.27928	1.391941392
4.28098	1.709401709
4.28268	1.88034188
4.28438	1.758241758
4.28608	1.831501832
4.28778	1.611721612
4.28948	1.562881563
4.29118	1.831501832
4.29288	1.538461538
4.29458	1.709401709
4.29628	1.318681319
4.29798	1.26984127
4.29968	1.684981685
4.30138	1.636141636
4.30308	1.48962149
4.30478	1.587301587
4.30648	1.48962149
4.30818	2.026862027
4.30988	1.733821734
4.31158	1.636141636
4.31328	1.562881563
4.31498	1.758241758
4.31668	1.48962149
4.31838	1.465201465
4.32008	1.538461538
4.32178	1.26984127
4.32348	1.587301587
4.32518	1.294261294
4.32688	1.538461538
4.32858	1.587301587
4.33028	1.538461538
4.33198	1.660561661
4.33368	1.978021978
4.33538	1.367521368
4.33708	1.48962149
4.33878	1.147741148
4.34048	1.416361416
4.34218	1.367521368
4.34388	1.343101343
4.34558	1.807081807
4.34728	1.514041514
4.34898	1.611721612
4.35068	1.391941392
4.35238	1.48962149
4.35408	1.782661783
4.35578	1.367521368
4.35748	1.343101343
4.35918	1.147741148
4.36088	1.391941392
4.36258	1.562881563
4.36428	1.538461538
4.36598	1.782661783
4.36768	1.684981685
4.36938	1.660561661
4.37108	1.807081807
4.37278	1.098901099
4.37448	1.294261294
4.37618	1.343101343
4.37788	1.074481074
4.37958	1.196581197
4.38128	1.26984127
4.38298	1.221001221
4.38468	0.9523809524
4.38638	1.367521368
4.38808	1.245421245
4.38978	1.440781441
4.39148	1.48962149
4.39318	1.782661783
4.39488	1.538461538
4.39658	1.26984127
4.39828	1.025641026
4.39998	1.025641026
4.40168	0.8547008547
4.40338	1.26984127
4.40508	0.927960928
4.40678	1.660561661
4.40848	1.48962149
4.41018	1.221001221
4.41188	1.294261294
4.41358	1.172161172
4.41528	1.245421245
4.41698	1.074481074
4.41868	1.05006105
4.42038	1.318681319
4.42208	1.465201465
4.42378	1.074481074
4.42548	1.05006105
4.42718	1.221001221
4.42888	0.9768009768
4.43058	1.221001221
4.43228	1.074481074
4.43398	1.001221001
4.43568	0.8547008547
4.43738	1.05006105
4.43908	0.757020757
4.44078	1.147741148
4.44248	1.26984127
4.44418	0.9768009768
4.44588	1.172161172
4.44758	0.9768009768
4.44928	1.001221001
4.45098	1.098901099
4.45268	0.8791208791
4.45438	1.147741148
4.45608	0.8302808303
4.45778	0.6593406593
4.45948	0.9523809524
4.46118	1.221001221
4.46288	0.8791208791
4.46458	1.123321123
4.46628	1.123321123
4.46798	1.147741148
4.46968	0.9768009768
4.47138	1.318681319
4.47308	0.7081807082
4.47478	1.123321123
4.47648	0.8058608059
4.47818	1.221001221
4.47988	1.123321123
4.48158	1.172161172
4.48328	1.26984127
4.48498	0.8547008547
4.48668	1.05006105
4.48838	1.147741148
4.49008	0.8058608059
4.49178	0.8058608059
4.49348	0.6105006105
4.49518	0.9768009768
4.49688	0.8302808303
4.49858	1.245421245
4.50028	0.9523809524
4.50198	0.6593406593
4.50368	0.9035409035
4.50538	1.147741148
4.50708	0.9768009768
4.50878	1.025641026
4.51048	0.9035409035
4.51218	0.8302808303
4.51388	0.8058608059
4.51558	0.5616605617
4.51728	0.5128205128
4.51898	0.8547008547
4.52068	0.7081807082
4.52238	1.123321123
4.52408	1.343101343
4.52578	0.9523809524
4.52748	0.6837606838
4.52918	0.9035409035
4.53088	1.294261294
4.53258	0.6349206349
4.53428	0.4884004884
4.53598	0.8791208791
4.53768	0.927960928
4.53938	0.7814407814
4.54108	0.6105006105
4.54278	0.927960928
4.54448	0.5616605617
4.54618	0.5860805861
4.54788	0.6349206349
4.54958	0.6349206349
4.55128	0.757020757
4.55298	0.5128205128
4.55468	0.3663003663
4.55638	0.4395604396
4.55808	0.463980464
4.55978	0.8058608059
4.56148	0.463980464
4.56318	0.6837606838
4.56488	0.5860805861
4.56658	0.463980464
4.56828	0.4884004884
4.56998	0.9768009768
4.57168	0.5860805861
4.57338	0.2686202686
4.57508	0.4395604396
4.57678	0.6349206349
4.57848	0.4395604396
4.58018	0.3663003663
4.58188	0.7326007326
4.58358	0.7326007326
4.58528	0.4151404151
4.58698	0.6593406593
4.58868	0.463980464
4.59038	0.6837606838
4.59208	0.6593406593
4.59378	0.3418803419
4.59548	0.6105006105
4.59718	0.7081807082
4.59888	0.3174603175
4.60058	0.7814407814
4.60228	0.6349206349
4.60398	0.8547008547
4.60568	0.4395604396
4.60738	0.7814407814
4.60908	0.3663003663
4.61078	0.4395604396
4.61248	0.2442002442
4.61418	0.02442002442
4.61588	0.3418803419
4.61758	0.6349206349
4.61928	0.3663003663
4.62098	0.6593406593
4.62268	0.4395604396
4.62438	0.6105006105
4.62608	0.4884004884
4.62778	0.6105006105
4.62948	0.2686202686
4.63118	0.2442002442
4.63288	0.4395604396
4.63458	0.2686202686
4.63628	0.2442002442
4.63798	0.293040293
4.63968	0.3418803419
4.64138	0.4151404151
4.64308	0.6105006105
4.64478	0.463980464
4.64648	0.2442002442
4.64818	0.3663003663
4.64988	0.3418803419
4.65158	0.1709401709
4.65328	0.3907203907
4.65498	0.4151404151
4.65668	0.5616605617
4.65838	0.4884004884
4.66008	0.2197802198
4.66178	0.4884004884
4.66348	0.5372405372
4.66518	0.5860805861
4.66688	0.2197802198
4.66858	0.2442002442
4.67028	0.2686202686
4.67198	0.2197802198
4.67368	0.293040293
4.67538	0.463980464
4.67708	0.1709401709
4.67878	0.7081807082
4.68048	0.5128205128
4.68218	0.1953601954
4.68388	0.3907203907
4.68558	0.04884004884
4.68728	0.1953601954
4.68898	0.1709401709
4.69068	0.4884004884
4.69238	0.3418803419
4.69408	0.3418803419
4.69578	0.2686202686
4.69748	0.3907203907
4.69918	0.6837606838
4.70088	0.5372405372
4.70258	0.5128205128
4.70428	0.5860805861
4.70598	0.3174603175
4.70768	0.07326007326
4.70938	0.4395604396
4.71108	0.07326007326
4.71278	0.1953601954
4.71448	0.2442002442
4.71618	0.3663003663
4.71788	0.3174603175
4.71958	0.3907203907
4.72128	0.4151404151
4.72298	0.2686202686
4.72468	0.1465201465
4.72638	0.3663003663
4.72808	0.293040293
4.72978	0.2197802198
4.73148	0.2442002442
4.73318	0.463980464
4.73488	0.3418803419
4.73658	0.3663003663
4.73828	0.4884004884
4.73998	0.4395604396
4.74168	0.6105006105
4.74338	0.1953601954
4.74508	0.3907203907
4.74678	0.1953601954
4.74848	0.07326007326
4.75018	0.3663003663
4.75188	0.4151404151
4.75358	0.757020757
4.75528	0.02442002442
4.75698	0.6593406593
4.75868	0.4884004884
4.76038	0.4884004884
4.76208	0.7326007326
4.76378	0.4884004884
4.76548	0.5128205128
4.76718	0.2197802198
4.76888	0.4395604396
4.77058	0.7326007326
4.77228	0.6105006105
4.77398	0.4395604396
4.77568	0.07326007326
4.77738	0.5128205128
4.77908	0.7081807082
4.78078	0.4151404151
4.78248	0.3907203907
4.78418	0.463980464
4.78588	0.463980464
4.78758	0.1709401709
4.78928	0.6593406593
4.79098	0.5616605617
4.79268	0.5616605617
4.79438	0.5860805861
4.79608	0.8791208791
4.79778	0.5128205128
4.79948	1.147741148
4.80118	0.3663003663
4.80288	0.5128205128
4.80458	0.3174603175
4.80628	0.1465201465
4.80798	0.4884004884
4.80968	0.5128205128
4.81138	0.7814407814
4.81308	1.074481074
4.81478	0.3174603175
4.81648	0.6349206349
4.81818	0.6837606838
4.81988	0.757020757
4.82158	0.3418803419
4.82328	0.5372405372
4.82498	0.6349206349
4.82668	0.463980464
4.82838	0.5128205128
4.83008	0.2686202686
4.83178	0.8302808303
4.83348	0.8302808303
4.83518	0.757020757
4.83688	0.7326007326
4.83858	0.6837606838
4.84028	0.7814407814
4.84198	0.9035409035
4.84368	0.5616605617
4.84538	0.463980464
4.84708	0.5128205128
4.84878	0.6837606838
4.85048	0.5372405372
4.85218	0.6837606838
4.85388	0.757020757
4.85558	1.123321123
4.85728	0.6349206349
4.85898	0.7081807082
4.86068	1.025641026
4.86238	0.6349206349
4.86408	0.5372405372
4.86578	0.5860805861
4.86748	0.6837606838
4.86918	0.6349206349
4.87088	0.6105006105
4.87258	0.927960928
4.87428	0.927960928
4.87598	0.8302808303
4.87768	0.7814407814
4.87938	0.9035409035
4.88108	0.8058608059
4.88278	0.757020757
4.88448	1.025641026
4.88618	0.6837606838
4.88788	0.757020757
4.88958	0.8058608059
4.89128	0.8791208791
4.89298	0.927960928
4.89468	0.9035409035
4.89638	1.05006105
4.89808	1.196581197
4.89978	1.074481074
4.90148	0.6105006105
4.90318	0.5372405372
4.90488	0.7326007326
4.90658	0.6837606838
4.90828	0.8302808303
4.90998	0.8058608059
4.91168	0.757020757
4.91338	0.9768009768
4.91508	0.7081807082
4.91678	1.074481074
4.91848	1.074481074
4.92018	0.9768009768
4.92188	0.4884004884
4.92358	0.8791208791
4.92528	0.8302808303
4.92698	1.025641026
4.92868	0.927960928
4.93038	0.6837606838
4.93208	1.098901099
4.93378	1.318681319
4.93548	1.343101343
4.93718	1.025641026
4.93888	1.294261294
4.94058	1.074481074
4.94228	0.7326007326
4.94398	0.7326007326
4.94568	0.6593406593
4.94738	0.9523809524
4.94908	0.9523809524
4.95078	0.7081807082
4.95248	1.611721612
4.95418	1.294261294
4.95588	1.074481074
4.95758	1.147741148
4.95928	1.26984127
4.96098	1.123321123
4.96268	0.7814407814
4.96438	0.6349206349
4.96608	1.196581197
4.96778	0.6105006105
4.96948	1.196581197
4.97118	1.001221001
4.97288	0.7081807082
4.97458	1.147741148
4.97628	0.9523809524
4.97798	0.9035409035
4.97968	1.343101343
4.98138	0.9523809524
4.98308	0.927960928
4.98478	1.123321123
4.98648	1.025641026
4.98818	0.8547008547
4.98988	0.8791208791
4.99158	1.074481074
4.99328	1.391941392
4.99498	1.123321123
4.99668	1.196581197
4.99838	0.8058608059
5.00008	1.391941392
5.00178	0.9035409035
5.00348	0.5860805861
5.00518	1.196581197
5.00688	0.9035409035
5.00858	0.7081807082
5.01028	0.9035409035
5.01198	1.098901099
5.01368	1.172161172
5.01538	1.367521368
5.01708	1.318681319
5.01878	1.294261294
5.02048	1.294261294
5.02218	0.7326007326
5.02388	1.147741148
5.02558	0.8547008547
5.02728	0.757020757
5.02898	1.001221001
5.03068	0.927960928
5.03238	1.221001221
5.03408	1.465201465
5.03578	1.001221001
5.03748	1.05006105
5.03918	1.074481074
5.04088	1.318681319
5.04258	1.098901099
5.04428	1.172161172
5.04598	0.9768009768
5.04768	1.123321123
5.04938	0.9768009768
5.05108	0.6837606838
5.05278	1.391941392
5.05448	1.514041514
5.05618	1.172161172
5.05788	0.9768009768
5.05958	1.172161172
5.06128	0.9768009768
5.06298	1.245421245
5.06468	1.025641026
5.06638	1.074481074
5.06808	1.26984127
5.06978	1.343101343
5.07148	1.098901099
5.07318	1.48962149
5.07488	1.123321123
5.07658	1.343101343
5.07828	1.416361416
5.07998	1.733821734
5.08168	1.221001221
5.08338	0.8791208791
5.08508	1.245421245
5.08678	1.147741148
5.08848	1.196581197
5.09018	1.001221001
5.09188	1.098901099
5.09358	1.343101343
5.09528	0.9035409035
5.09698	1.48962149
5.09868	1.367521368
5.10038	1.416361416
5.10208	1.196581197
5.10378	1.098901099
5.10548	1.514041514
5.10718	0.8302808303
5.10888	1.001221001
5.11058	1.074481074
5.11228	1.05006105
5.11398	1.684981685
5.11568	1.391941392
5.11738	1.26984127
5.11908	1.367521368
5.12078	1.05006105
5.12248	1.025641026
5.12418	0.9523809524
5.12588	1.416361416
5.12758	1.343101343
5.12928	1.147741148
5.13098	1.26984127
5.13268	1.26984127
5.13438	1.367521368
5.13608	1.245421245
5.13778	1.074481074
5.13948	1.587301587
5.14118	1.147741148
5.14288	1.074481074
5.14458	1.001221001
5.14628	1.416361416
5.14798	1.416361416
5.14968	1.123321123
5.15138	1.465201465
5.15308	1.538461538
5.15478	1.367521368
5.15648	1.221001221
5.15818	1.147741148
5.15988	1.587301587
5.16158	1.074481074
5.16328	1.294261294
5.16498	1.025641026
5.16668	1.123321123
5.16838	1.343101343
5.17008	1.48962149
5.17178	1.709401709
5.17348	1.538461538
5.17518	1.587301587
5.17688	1.391941392
5.17858	1.074481074
5.18028	1.514041514
5.18198	1.196581197
5.18368	1.221001221
5.18538	1.147741148
5.18708	1.123321123
5.18878	1.514041514
5.19048	1.245421245
5.19218	1.465201465
5.19388	1.294261294
5.19558	1.465201465
5.19728	1.221001221
5.19898	1.221001221
5.20068	1.538461538
5.20238	1.074481074
5.20408	0.9523809524
5.20578	1.147741148
5.20748	1.343101343
5.20918	1.440781441
5.21088	1.318681319
5.21258	1.562881563
5.21428	1.440781441
5.21598	1.391941392
5.21768	1.318681319
5.21938	1.367521368
5.22108	1.514041514
5.22278	1.196581197
5.22448	1.465201465
5.22618	1.48962149
5.22788	1.684981685
5.22958	1.587301587
5.23128	1.758241758
5.23298	1.660561661
5.23468	1.440781441
5.23638	1.562881563
5.23808	1.514041514
5.23978	1.904761905
5.24148	1.074481074
5.24318	1.001221001
5.24488	1.514041514
5.24658	1.391941392
5.24828	1.562881563
5.24998	1.343101343
5.25168	2.051282051
5.25338	1.587301587
5.25508	1.416361416
5.25678	1.782661783
5.25848	1.245421245
5.26018	1.758241758
5.26188	1.318681319
5.26358	1.416361416
5.26528	1.514041514
5.26698	1.26984127
5.26868	1.147741148
5.27038	1.562881563
5.27208	1.684981685
5.27378	1.367521368
5.27548	1.587301587
5.27718	1.318681319
5.27888	1.343101343
5.28058	1.587301587
5.28228	1.025641026
5.28398	1.733821734
5.28568	1.123321123
5.28738	1.587301587
5.28908	1.733821734
5.29078	1.221001221
5.29248	1.562881563
5.29418	1.440781441
5.29588	1.611721612
5.29758	1.391941392
5.29928	1.440781441
5.30098	1.636141636
5.30268	1.831501832
5.30438	1.48962149
5.30608	1.440781441
5.30778	1.440781441
5.30948	1.367521368
5.31118	1.343101343
5.31288	1.807081807
5.31458	1.758241758
5.31628	1.953601954
5.31798	1.123321123
5.31968	1.514041514
5.32138	1.172161172
5.32308	1.733821734
5.32478	1.48962149
5.32648	1.440781441
5.32818	1.684981685
5.32988	1.48962149
5.33158	1.88034188
5.33328	1.391941392
5.33498	1.343101343
5.33668	1.611721612
5.33838	1.440781441
5.34008	1.343101343
5.34178	1.147741148
5.34348	1.416361416
5.34518	1.391941392
5.34688	1.465201465
5.34858	1.587301587
5.35028	1.48962149
5.35198	1.782661783
5.35368	1.978021978
5.35538	1.636141636
5.35708	1.831501832
5.35878	1.391941392
5.36048	1.562881563
5.36218	1.440781441
5.36388	1.440781441
5.36558	1.343101343
5.36728	1.391941392
5.36898	1.709401709
5.37068	1.611721612
5.37238	1.440781441
5.37408	1.636141636
5.37578	1.343101343
5.37748	1.48962149
5.37918	1.343101343
5.38088	1.123321123
5.38258	1.440781441
5.38428	1.221001221
5.38598	1.294261294
5.38768	2.002442002
5.38938	1.318681319
5.39108	2.002442002
5.39278	1.733821734
5.39448	1.88034188
5.39618	1.978021978
5.39788	1.514041514
5.39958	1.782661783
5.40128	1.416361416
5.40298	1.684981685
5.40468	1.538461538
5.40638	1.367521368
5.40808	1.367521368
5.40978	1.391941392
5.41148	1.904761905
5.41318	1.709401709
5.41488	1.48962149
5.41658	1.343101343
5.41828	1.48962149
5.41998	1.684981685
5.42168	1.709401709
5.42338	1.636141636
5.42508	1.782661783
5.42678	1.733821734
5.42848	1.562881563
5.43018	1.684981685
5.43188	1.855921856
5.43358	1.807081807
5.43528	1.587301587
5.43698	1.562881563
5.43868	1.684981685
5.44038	1.636141636
5.44208	1.953601954
5.44378	1.367521368
5.44548	1.758241758
5.44718	1.416361416
5.44888	1.88034188
5.45058	1.660561661
5.45228	1.855921856
5.45398	1.904761905
5.45568	1.684981685
5.45738	1.684981685
5.45908	1.343101343
5.46078	1.465201465
5.46248	1.48962149
5.46418	1.733821734
5.46588	1.538461538
5.46758	1.978021978
5.46928	1.831501832
5.47098	1.953601954
5.47268	1.904761905
5.47438	1.758241758
5.47608	1.758241758
5.47778	1.48962149
5.47948	1.611721612
5.48118	1.636141636
5.48288	1.538461538
5.48458	1.562881563
5.48628	1.636141636
5.48798	1.709401709
5.48968	1.733821734
5.49138	1.782661783
5.49308	1.587301587
5.49478	1.978021978
5.49648	1.88034188
5.49818	1.807081807
5.49988	1.758241758
5.50158	1.562881563
5.50328	1.636141636
5.50498	1.294261294
5.50668	2.1001221
5.50838	1.611721612
5.51008	1.660561661
5.51178	1.733821734
5.51348	1.684981685
5.51518	1.978021978
5.51688	1.807081807
5.51858	1.48962149
5.52028	1.758241758
5.52198	1.684981685
5.52368	1.636141636
5.52538	1.953601954
5.52708	2.051282051
5.52878	2.368742369
5.53048	1.88034188
5.53218	1.807081807
5.53388	1.929181929
5.53558	1.929181929
5.53728	1.562881563
5.53898	1.758241758
5.54068	1.587301587
5.54238	1.733821734
5.54408	1.538461538
5.54578	1.684981685
5.54748	2.051282051
5.54918	2.002442002
5.55088	1.831501832
5.55258	1.733821734
5.55428	1.855921856
5.55598	1.611721612
5.55768	1.48962149
5.55938	1.978021978
5.56108	1.538461538
5.56278	1.88034188
5.56448	1.782661783
5.56618	1.636141636
5.56788	2.002442002
5.56958	1.88034188
5.57128	1.758241758
5.57298	1.758241758
5.57468	1.855921856
5.57638	1.562881563
5.57808	1.855921856
5.57978	1.562881563
5.58148	2.002442002
5.58318	1.636141636
5.58488	1.684981685
5.58658	1.709401709
5.58828	1.782661783
5.58998	1.733821734
5.59168	1.904761905
5.59338	1.636141636
5.59508	1.807081807
5.59678	2.026862027
5.59848	1.611721612
5.60018	1.733821734
5.60188	1.587301587
5.60358	1.953601954
5.60528	1.782661783
5.60698	2.1001221
5.60868	2.002442002
5.61038	1.953601954
5.61208	1.953601954
5.61378	1.807081807
5.61548	1.855921856
5.61718	1.294261294
5.61888	1.343101343
5.62058	2.1001221
5.62228	1.929181929
5.62398	1.636141636
5.62568	1.733821734
5.62738	2.173382173
5.62908	1.807081807
5.63078	1.88034188
5.63248	1.929181929
5.63418	1.733821734
5.63588	1.782661783
5.63758	1.48962149
5.63928	1.514041514
5.64098	1.709401709
5.64268	1.88034188
5.64438	1.440781441
5.64608	1.48962149
5.64778	1.733821734
5.64948	2.148962149
5.65118	1.587301587
5.65288	2.051282051
5.65458	1.831501832
5.65628	1.733821734
5.65798	1.953601954
5.65968	1.807081807
5.66138	1.904761905
5.66308	1.88034188
5.66478	1.807081807
5.66648	2.515262515
5.66818	1.978021978
5.66988	1.782661783
5.67158	2.002442002
5.67328	1.953601954
5.67498	2.026862027
5.67668	1.538461538
5.67838	1.562881563
5.68008	1.709401709
5.68178	1.978021978
5.68348	1.733821734
5.68518	1.733821734
5.68688	1.904761905
5.68858	2.173382173
5.69028	2.075702076
5.69198	1.904761905
5.69368	1.807081807
5.69538	1.684981685
5.69708	1.465201465
5.69878	1.538461538
5.70048	1.88034188
5.70218	1.807081807
5.70388	1.758241758
5.70558	1.733821734
5.70728	1.733821734
5.70898	2.564102564
5.71068	1.684981685
5.71238	1.929181929
5.71408	1.831501832
5.71578	1.660561661
5.71748	1.904761905
5.71918	1.733821734
5.72088	1.758241758
5.72258	2.026862027
5.72428	1.929181929
5.72598	1.831501832
5.72768	2.173382173
5.72938	1.538461538
5.73108	2.1001221
5.73278	1.807081807
5.73448	2.148962149
5.73618	2.002442002
5.73788	1.465201465
5.73958	1.88034188
5.74128	1.904761905
5.74298	2.002442002
5.74468	1.684981685
5.74638	1.587301587
5.74808	1.807081807
5.74978	1.831501832
5.75148	2.148962149
5.75318	1.48962149
5.75488	2.222222222
5.75658	1.807081807
5.75828	1.636141636
5.75998	1.88034188
5.76168	1.684981685
5.76338	1.88034188
5.76508	1.733821734
5.76678	1.831501832
5.76848	2.1001221
5.77018	1.758241758
5.77188	2.051282051
5.77358	1.904761905
5.77528	2.148962149
5.77698	1.782661783
5.77868	2.026862027
5.78038	2.1001221
5.78208	1.929181929
5.78378	1.758241758
5.78548	1.855921856
5.78718	2.026862027
5.78888	1.978021978
5.79058	1.807081807
5.79228	1.758241758
5.79398	1.855921856
5.79568	2.393162393
5.79738	1.855921856
5.79908	1.978021978
5.80078	1.562881563
5.80248	2.002442002
5.80418	1.758241758
5.80588	1.929181929
5.80758	1.978021978
5.80928	2.1001221
5.81098	2.051282051
5.81268	1.807081807
5.81438	2.075702076
5.81608	1.684981685
5.81778	2.026862027
5.81948	1.929181929
5.82118	1.807081807
5.82288	1.758241758
5.82458	2.148962149
5.82628	1.391941392
5.82798	2.026862027
5.82968	1.953601954
5.83138	2.1001221
5.83308	1.953601954
5.83478	1.587301587
5.83648	1.660561661
5.83818	1.660561661
5.83988	2.026862027
5.84158	1.953601954
5.84328	2.124542125
5.84498	1.709401709
5.84668	1.807081807
5.84838	2.051282051
5.85008	2.173382173
5.85178	1.953601954
5.85348	1.953601954
5.85518	2.002442002
5.85688	1.855921856
5.85858	1.709401709
5.86028	1.88034188
5.86198	2.148962149
5.86368	1.684981685
5.86538	1.831501832
5.86708	2.197802198
5.86878	2.246642247
5.87048	2.173382173
5.87218	2.075702076
5.87388	1.782661783
5.87558	2.173382173
5.87728	1.587301587
5.87898	1.831501832
5.88068	1.831501832
5.88238	1.953601954
5.88408	2.124542125
5.88578	1.807081807
5.88748	1.782661783
5.88918	1.929181929
5.89088	1.88034188
5.89258	1.758241758
5.89428	1.953601954
5.89598	1.684981685
5.89768	2.075702076
5.89938	1.855921856
5.90108	1.709401709
5.90278	1.904761905
5.90448	1.48962149
5.90618	2.075702076
5.90788	2.246642247
5.90958	2.222222222
5.91128	1.709401709
5.91298	1.929181929
5.91468	2.124542125
5.91638	1.684981685
5.91808	2.148962149
5.91978	2.026862027
5.92148	1.855921856
5.92318	2.1001221
5.92488	1.709401709
5.92658	1.88034188
5.92828	1.684981685
5.92998	1.807081807
5.93168	1.684981685
5.93338	1.733821734
5.93508	2.197802198
5.93678	1.929181929
5.93848	1.953601954
5.94018	1.807081807
5.94188	1.929181929
5.94358	1.855921856
5.94528	2.197802198
5.94698	1.978021978
5.94868	2.002442002
5.95038	2.075702076
5.95208	1.904761905
5.95378	1.88034188
5.95548	2.173382173
5.95718	1.782661783
5.95888	2.051282051
5.96058	2.051282051
5.96228	1.978021978
5.96398	1.831501832
5.96568	1.831501832
5.96738	2.612942613
5.96908	2.124542125
5.97078	2.051282051
5.97248	2.173382173
5.97418	1.391941392
5.97588	1.904761905
5.97758	1.929181929
5.97928	1.758241758
5.98098	1.733821734
5.98268	2.148962149
5.98438	1.733821734
5.98608	1.978021978
5.98778	2.271062271
5.98948	1.88034188
5.99118	2.271062271
5.99288	1.587301587
5.99458	2.124542125
5.99628	1.978021978
5.99798	2.1001221
5.99968	1.978021978
6.00138	1.782661783
6.00308	2.222222222
6.00478	1.855921856
6.00648	2.124542125
6.00818	2.002442002
6.00988	2.148962149
6.01158	2.075702076
6.01328	2.173382173
6.01498	1.88034188
6.01668	1.782661783
6.01838	1.709401709
6.02008	1.929181929
6.02178	2.075702076
6.02348	2.051282051
6.02518	2.246642247
6.02688	2.222222222
6.02858	2.271062271
6.03028	1.807081807
6.03198	1.904761905
6.03368	2.173382173
6.03538	2.148962149
6.03708	1.904761905
6.03878	2.075702076
6.04048	1.807081807
6.04218	1.709401709
6.04388	1.88034188
6.04558	2.124542125
6.04728	2.124542125
6.04898	1.978021978
6.05068	2.490842491
6.05238	2.002442002
6.05408	2.197802198
6.05578	2.368742369
6.05748	1.953601954
6.05918	2.026862027
6.06088	2.197802198
6.06258	2.393162393
6.06428	2.271062271
6.06598	2.148962149
6.06768	2.31990232
6.06938	1.807081807
6.07108	2.31990232
6.07278	1.758241758
6.07448	1.831501832
6.07618	1.978021978
6.07788	1.611721612
6.07958	1.904761905
6.08128	1.929181929
6.08298	2.026862027
6.08468	2.173382173
6.08638	2.222222222
6.08808	2.197802198
6.08978	1.929181929
6.09148	2.026862027
6.09318	2.1001221
6.09488	2.344322344
6.09658	2.051282051
6.09828	2.148962149
6.09998	1.929181929
6.10168	2.53968254
6.10338	2.222222222
6.10508	1.733821734
6.10678	1.88034188
6.10848	2.344322344
6.11018	2.026862027
6.11188	1.978021978
6.11358	1.978021978
6.11528	1.978021978
6.11698	1.855921856
6.11868	1.88034188
6.12038	2.148962149
6.12208	2.075702076
6.12378	2.075702076
6.12548	2.002442002
6.12718	2.368742369
6.12888	1.684981685
6.13058	2.148962149
6.13228	2.271062271
6.13398	2.051282051
6.13568	1.904761905
6.13738	2.051282051
6.13908	2.197802198
6.14078	2.075702076
6.14248	2.31990232
6.14418	2.1001221
6.14588	2.368742369
6.14758	2.075702076
6.14928	2.124542125
6.15098	2.051282051
6.15268	1.904761905
6.15438	2.051282051
6.15608	2.1001221
6.15778	2.051282051
6.15948	1.538461538
6.16118	2.002442002
6.16288	2.222222222
6.16458	2.222222222
6.16628	2.271062271
6.16798	2.442002442
6.16968	2.246642247
6.17138	2.417582418
6.17308	2.271062271
6.17478	2.53968254
6.17648	2.173382173
6.17818	1.929181929
6.17988	1.953601954
6.18158	2.222222222
6.18328	2.295482295
6.18498	2.197802198
6.18668	2.490842491
6.18838	2.295482295
6.19008	2.53968254
6.19178	2.197802198
6.19348	2.051282051
6.19518	2.393162393
6.19688	2.222222222
6.19858	1.807081807
6.20028	2.173382173
6.20198	2.53968254
6.20368	2.222222222
6.20538	2.271062271
6.20708	2.53968254
6.20878	2.271062271
6.21048	2.222222222
6.21218	2.026862027
6.21388	2.051282051
6.21558	2.148962149
6.21728	1.929181929
6.21898	2.222222222
6.22068	1.978021978
6.22238	2.564102564
6.22408	2.31990232
6.22578	2.31990232
6.22748	1.953601954
6.22918	2.490842491
6.23088	1.904761905
6.23258	2.564102564
6.23428	2.222222222
6.23598	2.148962149
6.23768	2.417582418
6.23938	2.173382173
6.24108	2.002442002
6.24278	2.271062271
6.24448	2.075702076
6.24618	2.344322344
6.24788	2.051282051
6.24958	2.31990232
6.25128	2.344322344
6.25298	2.466422466
6.25468	2.417582418
6.25638	2.1001221
6.25808	2.417582418
6.25978	2.173382173
6.26148	2.051282051
6.26318	2.612942613
6.26488	2.051282051
6.26658	2.344322344
6.26828	1.978021978
6.26998	2.344322344
6.27168	1.929181929
6.27338	1.953601954
6.27508	2.124542125
6.27678	2.246642247
6.27848	2.075702076
6.28018	2.295482295
6.28188	2.295482295
6.28358	2.148962149
6.28528	2.31990232
6.28698	2.442002442
6.28868	2.368742369
6.29038	2.637362637
6.29208	2.002442002
6.29378	2.53968254
6.29548	2.051282051
6.29718	2.564102564
6.29888	2.173382173
6.30058	2.246642247
6.30228	2.612942613
6.30398	2.051282051
6.30568	2.148962149
6.30738	2.368742369
6.30908	2.368742369
6.31078	2.197802198
6.31248	2.197802198
6.31418	2.197802198
6.31588	2.31990232
6.31758	2.173382173
6.31928	2.246642247
6.32098	2.393162393
6.32268	2.417582418
6.32438	2.490842491
6.32608	2.490842491
6.32778	1.929181929
6.32948	2.735042735
6.33118	2.368742369
6.33288	2.368742369
6.33458	2.368742369
6.33628	2.075702076
6.33798	2.31990232
6.33968	2.661782662
6.34138	2.686202686
6.34308	2.808302808
6.34478	2.417582418
6.34648	2.661782662
6.34818	2.124542125
6.34988	2.442002442
6.35158	2.148962149
6.35328	2.368742369
6.35498	2.148962149
6.35668	2.124542125
6.35838	2.295482295
6.36008	2.31990232
6.36178	2.588522589
6.36348	2.515262515
6.36518	2.148962149
6.36688	2.31990232
6.36858	2.490842491
6.37028	2.637362637
6.37198	2.148962149
6.37368	2.173382173
6.37538	2.271062271
6.37708	2.515262515
6.37878	2.393162393
6.38048	2.442002442
6.38218	2.686202686
6.38388	2.637362637
6.38558	2.735042735
6.38728	2.515262515
6.38898	2.393162393
6.39068	2.612942613
6.39238	2.442002442
6.39408	1.831501832
6.39578	2.271062271
6.39748	1.88034188
6.39918	2.222222222
6.40088	2.31990232
6.40258	2.368742369
6.40428	2.148962149
6.40598	2.344322344
6.40768	2.393162393
6.40938	2.271062271
6.41108	2.271062271
6.41278	2.588522589
6.41448	2.31990232
6.41618	2.026862027
6.41788	2.368742369
6.41958	2.515262515
6.42128	2.466422466
6.42298	2.783882784
6.42468	2.295482295
6.42638	2.393162393
6.42808	2.271062271
6.42978	2.197802198
6.43148	2.588522589
6.43318	2.124542125
6.43488	2.490842491
6.43658	2.612942613
6.43828	2.661782662
6.43998	2.490842491
6.44168	2.515262515
6.44338	2.31990232
6.44508	2.808302808
6.44678	2.564102564
6.44848	2.31990232
6.45018	2.051282051
6.45188	2.002442002
6.45358	2.197802198
6.45528	2.1001221
6.45698	2.026862027
6.45868	2.466422466
6.46038	2.686202686
6.46208	2.564102564
6.46378	2.246642247
6.46548	2.564102564
6.46718	2.197802198
6.46888	2.295482295
6.47058	2.515262515
6.47228	2.344322344
6.47398	2.173382173
6.47568	2.588522589
6.47738	2.051282051
6.47908	2.686202686
6.48078	2.417582418
6.48248	2.368742369
6.48418	2.197802198
6.48588	2.53968254
6.48758	2.344322344
6.48928	2.53968254
6.49098	2.075702076
6.49268	2.466422466
6.49438	2.246642247
6.49608	2.466422466
6.49778	2.515262515
6.49948	2.271062271
6.50118	2.466422466
6.50288	2.759462759
6.50458	2.417582418
6.50628	2.588522589
6.50798	2.271062271
6.50968	2.735042735
6.51138	2.173382173
6.51308	2.148962149
6.51478	2.490842491
6.51648	2.393162393
6.51818	2.490842491
6.51988	2.075702076
6.52158	2.564102564
6.52328	2.588522589
6.52498	2.661782662
6.52668	2.442002442
6.52838	2.148962149
6.53008	2.295482295
6.53178	2.393162393
6.53348	2.393162393
6.53518	2.466422466
6.53688	2.661782662
6.53858	2.31990232
6.54028	2.31990232
6.54198	2.612942613
6.54368	2.612942613
6.54538	2.246642247
6.54708	2.295482295
6.54878	2.246642247
6.55048	2.759462759
6.55218	2.075702076
6.55388	2.1001221
6.55558	2.026862027
6.55728	2.588522589
6.55898	2.442002442
6.56068	2.515262515
6.56238	2.53968254
6.56408	2.53968254
6.56578	2.53968254
6.56748	2.515262515
6.56918	2.295482295
6.57088	2.368742369
6.57258	2.197802198
6.57428	2.344322344
6.57598	1.978021978
6.57768	2.002442002
6.57938	2.466422466
6.58108	2.661782662
6.58278	2.612942613
6.58448	3.076923077
6.58618	2.271062271
6.58788	2.173382173
6.58958	2.124542125
6.59128	2.612942613
6.59298	1.807081807
6.59468	2.417582418
6.59638	2.417582418
6.59808	2.954822955
6.59978	1.953601954
6.60148	2.661782662
6.60318	2.564102564
6.60488	2.466422466
6.60658	2.1001221
6.60828	1.929181929
6.60998	2.417582418
6.61168	2.1001221
6.61338	2.295482295
6.61508	2.759462759
6.61678	2.295482295
6.61848	2.661782662
6.62018	2.417582418
6.62188	2.564102564
6.62358	2.515262515
6.62528	2.515262515
6.62698	2.735042735
6.62868	2.393162393
6.63038	2.222222222
6.63208	2.075702076
6.63378	2.271062271
6.63548	2.295482295
6.63718	2.417582418
6.63888	2.564102564
6.64058	2.124542125
6.64228	2.53968254
6.64398	2.564102564
6.64568	2.1001221
6.64738	2.002442002
6.64908	2.295482295
6.65078	2.466422466
6.65248	2.1001221
6.65418	2.417582418
6.65588	2.417582418
6.65758	2.661782662
6.65928	2.612942613
6.66098	2.466422466
6.66268	2.442002442
6.66438	2.710622711
6.66608	2.368742369
6.66778	2.368742369
6.66948	2.515262515
6.67118	2.124542125
6.67288	2.197802198
6.67458	2.246642247
6.67628	2.31990232
6.67798	2.295482295
6.67968	2.075702076
6.68138	2.637362637
6.68308	2.417582418
6.68478	2.53968254
6.68648	2.271062271
6.68818	2.222222222
6.68988	2.612942613
6.69158	2.442002442
6.69328	2.686202686
6.69498	2.1001221
6.69668	2.442002442
6.69838	2.246642247
6.70008	2.344322344
6.70178	2.124542125
6.70348	2.53968254
6.70518	2.53968254
6.70688	2.466422466
6.70858	2.026862027
6.71028	2.344322344
6.71198	2.124542125
6.71368	2.368742369
6.71538	2.417582418
6.71708	2.368742369
6.71878	2.344322344
6.72048	2.344322344
6.72218	2.564102564
6.72388	2.808302808
6.72558	2.93040293
6.72728	2.295482295
6.72898	2.344322344
6.73068	2.686202686
6.73238	2.442002442
6.73408	2.344322344
6.73578	2.051282051
6.73748	2.783882784
6.73918	2.271062271
6.74088	2.393162393
6.74258	2.686202686
6.74428	2.466422466
6.74598	2.271062271
6.74768	2.002442002
6.74938	2.344322344
6.75108	2.222222222
6.75278	1.758241758
6.75448	2.344322344
6.75618	2.148962149
6.75788	2.53968254
6.75958	2.515262515
6.76128	2.686202686
6.76298	2.344322344
6.76468	2.515262515
6.76638	2.344322344
6.76808	2.442002442
6.76978	2.53968254
6.77148	2.344322344
6.77318	2.442002442
6.77488	1.904761905
6.77658	2.466422466
6.77828	2.393162393
6.77998	2.466422466
6.78168	2.490842491
6.78338	2.271062271
6.78508	2.686202686
6.78678	2.173382173
6.78848	2.173382173
6.79018	2.661782662
6.79188	2.490842491
6.79358	2.124542125
6.79528	2.197802198
6.79698	2.417582418
6.79868	2.393162393
6.80038	2.295482295
6.80208	2.686202686
6.80378	2.295482295
6.80548	2.222222222
6.80718	2.197802198
6.80888	2.368742369
6.81058	2.271062271
6.81228	2.075702076
6.81398	2.222222222
6.81568	2.124542125
6.81738	2.466422466
6.81908	2.637362637
6.82078	2.344322344
6.82248	2.53968254
6.82418	2.490842491
6.82588	2.515262515
6.82758	2.295482295
6.82928	2.564102564
6.83098	2.368742369
6.83268	2.246642247
6.83438	1.929181929
6.83608	2.442002442
6.83778	2.466422466
6.83948	2.344322344
6.84118	2.686202686
6.84288	2.881562882
6.84458	2.710622711
6.84628	2.295482295
6.84798	2.051282051
6.84968	2.417582418
6.85138	1.782661783
6.85308	2.1001221
6.85478	2.271062271
6.85648	2.442002442
6.85818	2.515262515
6.85988	2.686202686
6.86158	2.686202686
6.86328	2.31990232
6.86498	2.515262515
6.86668	2.124542125
6.86838	1.953601954
6.87008	2.271062271
6.87178	2.173382173
6.87348	2.246642247
6.87518	2.197802198
6.87688	2.490842491
6.87858	2.53968254
6.88028	2.417582418
6.88198	2.612942613
6.88368	2.466422466
6.88538	2.735042735
6.88708	2.295482295
6.88878	2.393162393
6.89048	2.368742369
6.89218	2.246642247
6.89388	2.53968254
6.89558	2.344322344
6.89728	2.417582418
6.89898	2.393162393
6.90068	2.344322344
6.90238	2.246642247
6.90408	2.53968254
6.90578	2.173382173
6.90748	2.026862027
6.90918	2.759462759
6.91088	2.075702076
6.91258	2.295482295
6.91428	2.31990232
6.91598	2.637362637
6.91768	2.466422466
6.91938	2.417582418
6.92108	2.53968254
6.92278	2.222222222
6.92448	2.173382173
6.92618	2.368742369
6.92788	1.88034188
6.92958	2.222222222
6.93128	2.246642247
6.93298	2.222222222
6.93468	2.31990232
6.93638	2.002442002
6.93808	2.686202686
6.93978	2.490842491
6.94148	2.368742369
6.94318	2.490842491
6.94488	2.637362637
6.94658	2.344322344
6.94828	2.173382173
6.94998	2.197802198
6.95168	2.295482295
6.95338	2.295482295
6.95508	2.026862027
6.95678	2.466422466
6.95848	2.515262515
6.96018	2.31990232
6.96188	2.490842491
6.96358	2.246642247
6.96528	2.442002442
6.96698	1.953601954
6.96868	2.564102564
6.97038	2.271062271
6.97208	2.148962149
6.97378	2.344322344
6.97548	2.051282051
6.97718	2.417582418
6.97888	2.588522589
6.98058	2.31990232
6.98228	2.515262515
6.98398	2.271062271
6.98568	2.490842491
6.98738	2.295482295
6.98908	2.442002442
6.99078	2.002442002
6.99248	2.222222222
6.99418	2.417582418
6.99588	2.173382173
6.99758	2.393162393
6.99928	2.417582418
