Bruker BioSpin GmbH: the minispec
DataType=5
DataLimits=32.4651,16614.9,512
DataUnit=ms,%
c:\nmr relaxation\applications\ak\t2_cpmg.app
28.09.2024 11:54:55

32.46508	59.87789988
64.91598	52.33211233
97.36688	46.12942613
129.81778	40.87912088
162.26868	36.45909646
194.71958	32.6007326
227.17048	29.23076923
259.62138	26.32478632
292.07228	23.78510379
324.52318	21.53846154
356.97408	19.51159951
389.42498	17.68009768
421.87588	16.11721612
454.32678	14.65201465
486.77768	13.40659341
519.22858	12.23443223
551.67948	11.20879121
584.13038	10.25641026
616.58128	9.401709402
649.03218	8.62026862
681.48308	7.960927961
713.93398	7.301587302
746.38488	6.73992674
778.83578	6.202686203
811.28668	5.738705739
843.73758	5.299145299
876.18848	4.908424908
908.63938	4.542124542
941.09028	4.2002442
973.54118	3.882783883
1005.99208	3.614163614
1038.44298	3.345543346
1070.89388	3.15018315
1103.34478	2.93040293
1135.79568	2.710622711
1168.24658	2.515262515
1200.69748	2.31990232
1233.14838	2.197802198
1265.59928	2.026862027
1298.05018	1.929181929
1330.50108	1.807081807
1362.95198	1.660561661
1395.40288	1.562881563
1427.85378	1.465201465
1460.30468	1.367521368
1492.75558	1.294261294
1525.20648	1.196581197
1557.65738	1.172161172
1590.10828	1.05006105
1622.55918	1.001221001
1655.01008	0.9768009768
1687.46098	0.9035409035
1719.91188	0.8302808303
1752.36278	0.7814407814
1784.81368	0.7326007326
1817.26458	0.6837606838
1849.71548	0.6837606838
1882.16638	0.6349206349
1914.61728	0.6349206349
1947.06818	0.5372405372
1979.51908	0.5372405372
2011.96998	0.4395604396
2044.42088	0.4884004884
2076.87178	0.4395604396
2109.32268	0.4151404151
2141.77358	0.3907203907
2174.22448	0.3663003663
2206.67538	0.3418803419
2239.12628	0.3418803419
2271.57718	0.293040293
2304.02808	0.293040293
2336.47898	0.293040293
2368.92988	0.2442002442
2401.38078	0.293040293
2433.83168	0.2197802198
2466.28258	0.2442002442
2498.73348	0.1953601954
2531.18438	0.2197802198
2563.63528	0.1709401709
2596.08618	0.1709401709
2628.53708	0.1709401709
2660.98798	0.1709401709
2693.43888	0.1465201465
2725.88978	0.1465201465
2758.34068	0.09768009768
2790.79158	0.1221001221
2823.24248	0.1221001221
2855.69338	0.09768009768
2888.14428	0.07326007326
2920.59518	0.07326007326
2953.04608	0.07326007326
2985.49698	0.07326007326
3017.94788	0.07326007326
3050.39878	0.04884004884
3082.84968	0.04884004884
3115.30058	0.04884004884
3147.75148	0.04884004884
3180.20238	0.04884004884
3212.65328	0.04884004884
3245.10418	0.04884004884
3277.55508	0.02442002442
3310.00598	0.02442002442
3342.45688	0.02442002442
3374.90778	0.02442002442
3407.35868	0
3439.80958	0.04884004884
3472.26048	0
3504.71138	0
3537.16228	0
3569.61318	0
3602.06408	0
3634.51498	0
3666.96588	0
3699.41678	0
3731.86768	0
3764.31858	0
3796.76948	0
3829.22038	0
3861.67128	0
3894.12218	0
3926.57308	0
3959.02398	-0.02442002442
3991.47488	0
4023.92578	-0.02442002442
4056.37668	0
4088.82758	0
4121.27848	0
4153.72938	0
4186.18028	0
4218.63118	-0.02442002442
4251.08208	0
4283.53298	-0.02442002442
4315.98388	-0.02442002442
4348.43478	0
4380.88568	-0.02442002442
4413.33658	-0.02442002442
4445.78748	0
4478.23838	-0.02442002442
4510.68928	-0.04884004884
4543.14018	-0.02442002442
4575.59108	0
4608.04198	0
4640.49288	-0.04884004884
4672.94378	0
4705.39468	-0.02442002442
4737.84558	-0.02442002442
4770.29648	-0.02442002442
4802.74738	-0.04884004884
4835.19828	-0.02442002442
4867.64918	-0.02442002442
4900.10008	-0.02442002442
4932.55098	-0.02442002442
4965.00188	-0.02442002442
4997.45278	-0.02442002442
5029.90368	-0.02442002442
5062.35458	-0.02442002442
5094.80548	-0.04884004884
5127.25638	-0.02442002442
5159.70728	0
5192.15818	0
5224.60908	-0.04884004884
5257.05998	-0.02442002442
5289.51088	-0.07326007326
5321.96178	-0.02442002442
5354.41268	-0.02442002442
5386.86358	-0.04884004884
5419.31448	-0.04884004884
5451.76538	-0.04884004884
5484.21628	-0.04884004884
5516.66718	-0.02442002442
5549.11808	-0.04884004884
5581.56898	-0.04884004884
5614.01988	-0.02442002442
5646.47078	-0.07326007326
5678.92168	-0.07326007326
5711.37258	-0.07326007326
5743.82348	-0.04884004884
5776.27438	-0.02442002442
5808.72528	-0.04884004884
5841.17618	-0.04884004884
5873.62708	-0.02442002442
5906.07798	-0.04884004884
5938.52888	-0.04884004884
5970.97978	-0.04884004884
6003.43068	-0.04884004884
6035.88158	-0.04884004884
6068.33248	-0.07326007326
6100.78338	-0.02442002442
6133.23428	-0.04884004884
6165.68518	-0.04884004884
6198.13608	-0.02442002442
6230.58698	-0.04884004884
6263.03788	-0.04884004884
6295.48878	-0.09768009768
6327.93968	-0.07326007326
6360.39058	0
6392.84148	-0.07326007326
6425.29238	-0.04884004884
6457.74328	-0.04884004884
6490.19418	-0.04884004884
6522.64508	-0.04884004884
6555.09598	-0.07326007326
6587.54688	-0.07326007326
6619.99778	-0.07326007326
6652.44868	-0.04884004884
6684.89958	-0.04884004884
6717.35048	-0.07326007326
6749.80138	-0.04884004884
6782.25228	-0.04884004884
6814.70318	-0.04884004884
6847.15408	-0.04884004884
6879.60498	-0.04884004884
6912.05588	-0.04884004884
6944.50678	-0.07326007326
6976.95768	-0.07326007326
7009.40858	-0.07326007326
7041.85948	-0.04884004884
7074.31038	-0.07326007326
7106.76128	-0.04884004884
7139.21218	-0.02442002442
7171.66308	-0.07326007326
7204.11398	-0.04884004884
7236.56488	-0.04884004884
7269.01578	-0.02442002442
7301.46668	-0.04884004884
7333.91758	-0.07326007326
7366.36848	-0.09768009768
7398.81938	-0.07326007326
7431.27028	-0.07326007326
7463.72118	-0.07326007326
7496.17208	-0.07326007326
7528.62298	-0.07326007326
7561.07388	-0.04884004884
7593.52478	-0.07326007326
7625.97568	-0.07326007326
7658.42658	-0.07326007326
7690.87748	-0.07326007326
7723.32838	-0.04884004884
7755.77928	-0.07326007326
7788.23018	-0.09768009768
7820.68108	-0.07326007326
7853.13198	-0.04884004884
7885.58288	-0.07326007326
7918.03378	-0.04884004884
7950.48468	-0.04884004884
7982.93558	-0.07326007326
8015.38648	-0.07326007326
8047.83738	-0.07326007326
8080.28828	-0.07326007326
8112.73918	-0.07326007326
8145.19008	-0.04884004884
8177.64098	-0.04884004884
8210.09188	-0.07326007326
8242.54278	-0.07326007326
8274.99368	-0.07326007326
8307.44458	-0.07326007326
8339.89548	-0.04884004884
8372.34638	-0.07326007326
8404.79728	-0.07326007326
8437.24818	-0.04884004884
8469.69908	-0.07326007326
8502.14998	-0.04884004884
8534.60088	-0.07326007326
8567.05178	-0.04884004884
8599.50268	-0.07326007326
8631.95358	-0.04884004884
8664.40448	-0.04884004884
8696.85538	-0.04884004884
8729.30628	-0.02442002442
8761.75718	-0.07326007326
8794.20808	-0.02442002442
8826.65898	-0.02442002442
8859.10988	-0.04884004884
8891.56078	-0.04884004884
8924.01168	-0.04884004884
8956.46258	-0.04884004884
8988.91348	-0.04884004884
9021.36438	-0.04884004884
9053.81528	-0.07326007326
9086.26618	-0.04884004884
9118.71708	-0.04884004884
9151.16798	-0.07326007326
9183.61888	-0.07326007326
9216.06978	-0.07326007326
9248.52068	-0.04884004884
9280.97158	-0.07326007326
9313.42248	-0.02442002442
9345.87338	-0.07326007326
9378.32428	-0.04884004884
9410.77518	-0.07326007326
9443.22608	-0.07326007326
9475.67698	-0.04884004884
9508.12788	-0.07326007326
9540.57878	-0.04884004884
9573.02968	-0.07326007326
9605.48058	-0.04884004884
9637.93148	-0.04884004884
9670.38238	-0.04884004884
9702.83328	-0.07326007326
9735.28418	-0.07326007326
9767.73508	-0.07326007326
9800.18598	-0.04884004884
9832.63688	-0.07326007326
9865.08778	-0.07326007326
9897.53868	-0.09768009768
9929.98958	-0.02442002442
9962.44048	-0.04884004884
9994.89138	-0.04884004884
10027.34228	-0.02442002442
10059.79318	-0.07326007326
10092.24408	-0.04884004884
10124.69498	-0.04884004884
10157.14588	-0.04884004884
10189.59678	-0.07326007326
10222.04768	-0.07326007326
10254.49858	-0.07326007326
10286.94948	-0.04884004884
10319.40038	-0.04884004884
10351.85128	-0.04884004884
10384.30218	-0.04884004884
10416.75308	-0.04884004884
10449.20398	-0.07326007326
10481.65488	-0.07326007326
10514.10578	-0.07326007326
10546.55668	-0.04884004884
10579.00758	-0.07326007326
10611.45848	-0.07326007326
10643.90938	-0.07326007326
10676.36028	-0.04884004884
10708.81118	-0.04884004884
10741.26208	-0.04884004884
10773.71298	-0.07326007326
10806.16388	-0.07326007326
10838.61478	-0.04884004884
10871.06568	-0.07326007326
10903.51658	-0.07326007326
10935.96748	-0.07326007326
10968.41838	-0.07326007326
11000.86928	-0.07326007326
11033.32018	-0.04884004884
11065.77108	-0.02442002442
11098.22198	-0.04884004884
11130.67288	-0.07326007326
11163.12378	-0.04884004884
11195.57468	-0.04884004884
11228.02558	-0.07326007326
11260.47648	-0.04884004884
11292.92738	-0.09768009768
11325.37828	-0.02442002442
11357.82918	-0.09768009768
11390.28008	-0.09768009768
11422.73098	-0.07326007326
11455.18188	-0.09768009768
11487.63278	-0.07326007326
11520.08368	-0.04884004884
11552.53458	-0.09768009768
11584.98548	-0.04884004884
11617.43638	-0.07326007326
11649.88728	-0.07326007326
11682.33818	-0.07326007326
11714.78908	-0.09768009768
11747.23998	-0.09768009768
11779.69088	-0.07326007326
11812.14178	-0.04884004884
11844.59268	-0.09768009768
11877.04358	-0.07326007326
11909.49448	-0.07326007326
11941.94538	-0.07326007326
11974.39628	-0.04884004884
12006.84718	-0.09768009768
12039.29808	-0.04884004884
12071.74898	-0.04884004884
12104.19988	-0.07326007326
12136.65078	-0.04884004884
12169.10168	-0.04884004884
12201.55258	-0.07326007326
12234.00348	-0.04884004884
12266.45438	-0.04884004884
12298.90528	-0.09768009768
12331.35618	-0.04884004884
12363.80708	-0.07326007326
12396.25798	-0.04884004884
12428.70888	-0.04884004884
12461.15978	-0.07326007326
12493.61068	-0.02442002442
12526.06158	-0.07326007326
12558.51248	-0.07326007326
12590.96338	-0.04884004884
12623.41428	-0.07326007326
12655.86518	-0.07326007326
12688.31608	-0.07326007326
12720.76698	-0.07326007326
12753.21788	-0.07326007326
12785.66878	-0.09768009768
12818.11968	-0.07326007326
12850.57058	-0.07326007326
12883.02148	-0.07326007326
12915.47238	-0.04884004884
12947.92328	-0.07326007326
12980.37418	-0.04884004884
13012.82508	-0.04884004884
13045.27598	-0.04884004884
13077.72688	-0.04884004884
13110.17778	-0.04884004884
13142.62868	-0.09768009768
13175.07958	-0.07326007326
13207.53048	-0.07326007326
13239.98138	-0.07326007326
13272.43228	-0.07326007326
13304.88318	-0.07326007326
13337.33408	-0.07326007326
13369.78498	-0.04884004884
13402.23588	-0.07326007326
13434.68678	-0.07326007326
13467.13768	-0.07326007326
13499.58858	-0.09768009768
13532.03948	-0.04884004884
13564.49038	-0.04884004884
13596.94128	-0.07326007326
13629.39218	-0.04884004884
13661.84308	-0.07326007326
13694.29398	-0.07326007326
13726.74488	-0.04884004884
13759.19578	-0.04884004884
13791.64668	-0.07326007326
13824.09758	-0.07326007326
13856.54848	-0.07326007326
13888.99938	-0.07326007326
13921.45028	-0.07326007326
13953.90118	-0.07326007326
13986.35208	-0.04884004884
14018.80298	-0.07326007326
14051.25388	-0.07326007326
14083.70478	-0.07326007326
14116.15568	-0.07326007326
14148.60658	-0.07326007326
14181.05748	-0.04884004884
14213.50838	-0.04884004884
14245.95928	-0.04884004884
14278.41018	-0.07326007326
14310.86108	-0.07326007326
14343.31198	-0.07326007326
14375.76288	-0.07326007326
14408.21378	-0.07326007326
14440.66468	-0.07326007326
14473.11558	-0.04884004884
14505.56648	-0.04884004884
14538.01738	-0.07326007326
14570.46828	-0.07326007326
14602.91918	-0.04884004884
14635.37008	-0.07326007326
14667.82098	-0.04884004884
14700.27188	-0.04884004884
14732.72278	-0.07326007326
14765.17368	-0.09768009768
14797.62458	-0.07326007326
14830.07548	-0.07326007326
14862.52638	-0.07326007326
14894.97728	-0.04884004884
14927.42818	-0.07326007326
14959.87908	-0.04884004884
14992.32998	-0.04884004884
15024.78088	-0.07326007326
15057.23178	-0.04884004884
15089.68268	-0.04884004884
15122.13358	-0.07326007326
15154.58448	-0.02442002442
15187.03538	-0.02442002442
15219.48628	-0.04884004884
15251.93718	-0.04884004884
15284.38808	-0.04884004884
15316.83898	-0.07326007326
15349.28988	-0.04884004884
15381.74078	-0.07326007326
15414.19168	-0.04884004884
15446.64258	-0.07326007326
15479.09348	-0.09768009768
15511.54438	-0.07326007326
15543.99528	-0.07326007326
15576.44618	-0.07326007326
15608.89708	-0.04884004884
15641.34798	-0.04884004884
15673.79888	-0.07326007326
15706.24978	-0.07326007326
15738.70068	-0.07326007326
15771.15158	-0.09768009768
15803.60248	-0.04884004884
15836.05338	-0.07326007326
15868.50428	-0.07326007326
15900.95518	-0.04884004884
15933.40608	-0.07326007326
15965.85698	-0.07326007326
15998.30788	-0.07326007326
16030.75878	-0.04884004884
16063.20968	-0.04884004884
16095.66058	-0.09768009768
16128.11148	-0.04884004884
16160.56238	-0.04884004884
16193.01328	-0.04884004884
16225.46418	-0.07326007326
16257.91508	-0.07326007326
16290.36598	-0.04884004884
16322.81688	-0.07326007326
16355.26778	-0.02442002442
16387.71868	-0.04884004884
16420.16958	-0.04884004884
16452.62048	-0.07326007326
16485.07138	-0.07326007326
16517.52228	-0.02442002442
16549.97318	-0.04884004884
16582.42408	-0.07326007326
16614.87498	-0.07326007326
