Bruker BioSpin GmbH: the minispec
DataType=5
DataLimits=0.03778,6.99928,4096
DataUnit=Time/ms,Intensity/%
c:\program files\bruker the minispec\application pool demo\fid.app
28.09.2024 11:55:40

0.03778	140.3174603
0.03948	140.8302808
0.04118	141.0500611
0.04288	141.1233211
0.04458	141.0989011
0.04628	141.2454212
0.04798	141.2942613
0.04968	141.4163614
0.05138	141.4163614
0.05308	141.4163614
0.05478	141.4163614
0.05648	141.4163614
0.05818	141.4163614
0.05988	141.4163614
0.06158	141.4163614
0.06328	141.4163614
0.06498	141.4163614
0.06668	141.4163614
0.06838	141.4163614
0.07008	141.4163614
0.07178	141.4163614
0.07348	141.4163614
0.07518	141.4163614
0.07688	141.4163614
0.07858	141.4163614
0.08028	141.4163614
0.08198	141.4163614
0.08368	141.4163614
0.08538	141.4163614
0.08708	141.4163614
0.08878	141.4163614
0.09048	141.4163614
0.09218	141.4163614
0.09388	141.4163614
0.09558	141.4163614
0.09728	141.4163614
0.09898	141.4163614
0.10068	141.4163614
0.10238	141.4163614
0.10408	141.4163614
0.10578	141.4163614
0.10748	141.4163614
0.10918	141.4163614
0.11088	141.4163614
0.11258	141.4163614
0.11428	141.4163614
0.11598	141.4163614
0.11768	141.4163614
0.11938	141.4163614
0.12108	141.4163614
0.12278	141.4163614
0.12448	141.4163614
0.12618	141.4163614
0.12788	141.4163614
0.12958	141.4163614
0.13128	141.4163614
0.13298	141.4163614
0.13468	141.4163614
0.13638	141.4163614
0.13808	141.4163614
0.13978	141.4163614
0.14148	141.4163614
0.14318	141.4163614
0.14488	141.4163614
0.14658	141.4163614
0.14828	141.4163614
0.14998	141.4163614
0.15168	141.4163614
0.15338	141.4163614
0.15508	141.4163614
0.15678	141.4163614
0.15848	141.4163614
0.16018	141.4163614
0.16188	141.4163614
0.16358	141.4163614
0.16528	141.4163614
0.16698	141.4163614
0.16868	141.4163614
0.17038	141.4163614
0.17208	141.4163614
0.17378	141.4163614
0.17548	141.4163614
0.17718	141.4163614
0.17888	141.4163614
0.18058	141.4163614
0.18228	141.4163614
0.18398	141.4163614
0.18568	141.4163614
0.18738	141.4163614
0.18908	141.4163614
0.19078	141.4163614
0.19248	141.4163614
0.19418	141.4163614
0.19588	141.4163614
0.19758	141.4163614
0.19928	141.4163614
0.20098	141.4163614
0.20268	141.4163614
0.20438	141.4163614
0.20608	141.4163614
0.20778	141.4163614
0.20948	141.4163614
0.21118	141.4163614
0.21288	141.4163614
0.21458	141.4163614
0.21628	141.4163614
0.21798	141.4163614
0.21968	141.4163614
0.22138	141.4163614
0.22308	141.4163614
0.22478	141.4163614
0.22648	141.4163614
0.22818	141.4163614
0.22988	141.4163614
0.23158	141.4163614
0.23328	141.4163614
0.23498	141.4163614
0.23668	141.4163614
0.23838	141.4163614
0.24008	141.4163614
0.24178	141.4163614
0.24348	141.4163614
0.24518	141.4163614
0.24688	141.4163614
0.24858	141.4163614
0.25028	141.4163614
0.25198	141.4163614
0.25368	141.4163614
0.25538	141.4163614
0.25708	141.4163614
0.25878	141.4163614
0.26048	141.4163614
0.26218	141.4163614
0.26388	141.4163614
0.26558	141.4163614
0.26728	141.4163614
0.26898	141.4163614
0.27068	141.4163614
0.27238	141.4163614
0.27408	141.4163614
0.27578	141.4163614
0.27748	141.4163614
0.27918	141.4163614
0.28088	141.4163614
0.28258	141.4163614
0.28428	141.4163614
0.28598	141.4163614
0.28768	141.4163614
0.28938	141.4163614
0.29108	141.4163614
0.29278	141.4163614
0.29448	141.4163614
0.29618	141.4163614
0.29788	141.4163614
0.29958	141.4163614
0.30128	141.4163614
0.30298	141.4163614
0.30468	141.4163614
0.30638	141.4163614
0.30808	141.4163614
0.30978	141.4163614
0.31148	141.4163614
0.31318	141.4163614
0.31488	141.4163614
0.31658	141.4163614
0.31828	141.4163614
0.31998	141.4163614
0.32168	141.4163614
0.32338	141.4163614
0.32508	141.4163614
0.32678	141.4163614
0.32848	141.4163614
0.33018	141.4163614
0.33188	141.4163614
0.33358	141.4163614
0.33528	141.4163614
0.33698	141.4163614
0.33868	141.4163614
0.34038	141.4163614
0.34208	141.4163614
0.34378	141.4163614
0.34548	141.4163614
0.34718	141.4163614
0.34888	141.4163614
0.35058	141.4163614
0.35228	141.4163614
0.35398	141.4163614
0.35568	141.4163614
0.35738	141.4163614
0.35908	141.4163614
0.36078	141.4163614
0.36248	141.4163614
0.36418	141.4163614
0.36588	141.4163614
0.36758	141.4163614
0.36928	141.4163614
0.37098	141.4163614
0.37268	141.4163614
0.37438	141.4163614
0.37608	141.4163614
0.37778	141.4163614
0.37948	141.4163614
0.38118	141.4163614
0.38288	141.4163614
0.38458	141.4163614
0.38628	141.4163614
0.38798	141.4163614
0.38968	141.4163614
0.39138	141.4163614
0.39308	141.4163614
0.39478	141.4163614
0.39648	141.4163614
0.39818	141.4163614
0.39988	141.4163614
0.40158	141.4163614
0.40328	141.4163614
0.40498	141.4163614
0.40668	141.4163614
0.40838	141.4163614
0.41008	141.4163614
0.41178	141.4163614
0.41348	141.4163614
0.41518	141.4163614
0.41688	141.4163614
0.41858	141.4163614
0.42028	141.4163614
0.42198	141.4163614
0.42368	141.4163614
0.42538	141.4163614
0.42708	141.4163614
0.42878	141.4163614
0.43048	141.4163614
0.43218	141.4163614
0.43388	141.4163614
0.43558	141.4163614
0.43728	141.4163614
0.43898	141.4163614
0.44068	141.4163614
0.44238	141.4163614
0.44408	141.4163614
0.44578	141.4163614
0.44748	141.4163614
0.44918	141.4163614
0.45088	141.4163614
0.45258	141.4163614
0.45428	141.4163614
0.45598	141.4163614
0.45768	141.4163614
0.45938	141.4163614
0.46108	141.4163614
0.46278	141.4163614
0.46448	141.4163614
0.46618	141.4163614
0.46788	141.4163614
0.46958	141.4163614
0.47128	141.4163614
0.47298	141.4163614
0.47468	141.4163614
0.47638	141.4163614
0.47808	141.4163614
0.47978	141.4163614
0.48148	141.4163614
0.48318	141.4163614
0.48488	141.4163614
0.48658	141.4163614
0.48828	141.4163614
0.48998	141.4163614
0.49168	141.4163614
0.49338	141.4163614
0.49508	141.4163614
0.49678	141.4163614
0.49848	141.4163614
0.50018	141.4163614
0.50188	141.4163614
0.50358	141.4163614
0.50528	141.4163614
0.50698	141.4163614
0.50868	141.4163614
0.51038	141.4163614
0.51208	141.4163614
0.51378	141.4163614
0.51548	141.4163614
0.51718	141.4163614
0.51888	141.4163614
0.52058	141.4163614
0.52228	141.4163614
0.52398	141.4163614
0.52568	141.4163614
0.52738	141.4163614
0.52908	141.4163614
0.53078	141.4163614
0.53248	141.4163614
0.53418	141.4163614
0.53588	141.4163614
0.53758	141.4163614
0.53928	141.4163614
0.54098	141.4163614
0.54268	141.4163614
0.54438	141.4163614
0.54608	141.4163614
0.54778	141.4163614
0.54948	141.4163614
0.55118	141.4163614
0.55288	141.4163614
0.55458	141.4163614
0.55628	141.4163614
0.55798	141.4163614
0.55968	141.4163614
0.56138	141.4163614
0.56308	141.4163614
0.56478	141.4163614
0.56648	141.4163614
0.56818	141.4163614
0.56988	141.4163614
0.57158	141.4163614
0.57328	141.4163614
0.57498	141.4163614
0.57668	141.4163614
0.57838	141.4163614
0.58008	141.4163614
0.58178	141.4163614
0.58348	141.4163614
0.58518	141.4163614
0.58688	141.4163614
0.58858	141.4163614
0.59028	141.4163614
0.59198	141.4163614
0.59368	141.4163614
0.59538	141.4163614
0.59708	141.4163614
0.59878	141.2454212
0.60048	141.001221
0.60218	140.4151404
0.60388	139.97558
0.60558	139.6336996
0.60728	139.2429792
0.60898	138.5836386
0.61068	138.5592186
0.61238	137.9242979
0.61408	137.4358974
0.61578	136.971917
0.61748	136.7521368
0.61918	136.4346764
0.62088	135.995116
0.62258	135.995116
0.62428	135.1404151
0.62598	134.8229548
0.62768	134.6275946
0.62938	133.968254
0.63108	133.9438339
0.63278	133.2844933
0.63448	132.8449328
0.63618	132.5763126
0.63788	132.3076923
0.63958	132.0634921
0.64128	131.5995116
0.64298	131.3553114
0.64468	130.9157509
0.64638	130.4761905
0.64808	129.8901099
0.64978	129.7680098
0.65148	129.4749695
0.65318	128.8644689
0.65488	128.6202686
0.65658	128.3028083
0.65828	128.0830281
0.65998	127.5702076
0.66168	127.4969475
0.66338	127.0573871
0.66508	126.2759463
0.66678	126.3247863
0.66848	126.0561661
0.67018	125.7631258
0.67188	125.4945055
0.67358	125.1770452
0.67528	124.7619048
0.67698	124.3956044
0.67868	124.1025641
0.68038	123.9316239
0.68208	123.3699634
0.68378	123.1501832
0.68548	122.954823
0.68718	122.6862027
0.68888	122.2466422
0.69058	122.1489621
0.69228	121.6117216
0.69398	121.5140415
0.69568	121.0500611
0.69738	120.8791209
0.69908	120.5860806
0.70078	120.2197802
0.70248	120
0.70418	119.8046398
0.70588	119.3650794
0.70758	118.9499389
0.70928	118.7057387
0.71098	118.4859585
0.71268	118.1196581
0.71438	117.9242979
0.71608	117.8266178
0.71778	117.4847375
0.71948	117.3382173
0.72118	116.8498168
0.72288	116.8253968
0.72458	116.4590965
0.72628	116.0927961
0.72798	116.043956
0.72968	115.7753358
0.73138	115.5067155
0.73308	115.3357753
0.73478	115.1892552
0.73648	114.6764347
0.73818	114.4566545
0.73988	114.4322344
0.74158	113.9194139
0.74328	113.9194139
0.74498	113.7240537
0.74668	113.4798535
0.74838	112.991453
0.75008	112.9426129
0.75178	112.6495726
0.75348	112.4297924
0.75518	112.2344322
0.75688	112.039072
0.75858	112.014652
0.76028	111.7704518
0.76198	111.5018315
0.76368	111.3308913
0.76538	110.964591
0.76708	110.9157509
0.76878	110.7692308
0.77048	110.3296703
0.77218	110.4761905
0.77388	110.1343101
0.77558	109.9145299
0.77728	109.7924298
0.77898	109.6703297
0.78068	109.4993895
0.78238	109.2551893
0.78408	108.986569
0.78578	108.8888889
0.78748	108.7179487
0.78918	108.3516484
0.79088	108.3272283
0.79258	108.0830281
0.79428	108.0586081
0.79598	107.9365079
0.79768	107.7167277
0.79938	107.5946276
0.80108	107.3015873
0.80278	107.2283272
0.80448	107.1062271
0.80618	106.959707
0.80788	106.8131868
0.80958	106.5934066
0.81128	106.4224664
0.81298	106.2026862
0.81468	106.2026862
0.81638	106.031746
0.81808	105.9096459
0.81978	105.8608059
0.82148	105.6654457
0.82318	105.6410256
0.82488	105.3724054
0.82658	105.1526252
0.82828	104.7130647
0.82998	104.6886447
0.83168	104.3956044
0.83338	104.2979243
0.83508	103.9316239
0.83678	103.2967033
0.83848	103.6874237
0.84018	103.1013431
0.84188	102.6862027
0.84358	101.5873016
0.84528	101.953602
0.84698	102.0757021
0.84868	101.0989011
0.85038	100.8547009
0.85208	100.8058608
0.85378	100.4395604
0.85548	100.2686203
0.85718	100.4639805
0.85888	100.3418803
0.86058	99.41391941
0.86228	99.14529915
0.86398	98.53479853
0.86568	98.9010989
0.86738	98.33943834
0.86908	98.21733822
0.87078	98.19291819
0.87248	97.19169719
0.87418	97.41147741
0.87588	96.84981685
0.87758	96.75213675
0.87928	96.31257631
0.88098	96.23931624
0.88268	96.04395604
0.88438	95.48229548
0.88608	95.57997558
0.88778	95.11599512
0.88948	94.82295482
0.89118	94.31013431
0.89288	94.35897436
0.89458	94.21245421
0.89628	93.87057387
0.89798	93.62637363
0.89968	93.43101343
0.90138	93.06471306
0.90308	92.35653236
0.90478	92.23443223
0.90648	91.96581197
0.90818	91.99023199
0.90988	91.45299145
0.91158	91.28205128
0.91328	91.20879121
0.91498	90.86691087
0.91668	90.47619048
0.91838	90.47619048
0.92008	89.98778999
0.92178	90.32967033
0.92348	89.25518926
0.92518	89.13308913
0.92688	88.81562882
0.92858	88.79120879
0.93028	88.54700855
0.93198	88.4004884
0.93368	88.08302808
0.93538	87.61904762
0.93708	87.2039072
0.93878	87.17948718
0.94048	87.25274725
0.94218	86.71550672
0.94388	86.44688645
0.94558	86.22710623
0.94728	85.66544567
0.94898	85.56776557
0.95068	85.64102564
0.95238	85.03052503
0.95408	85.1037851
0.95578	84.95726496
0.95748	84.59096459
0.95918	84.2979243
0.96088	84.22466422
0.96258	83.73626374
0.96428	83.56532357
0.96598	82.88156288
0.96768	82.90598291
0.96938	82.2954823
0.97108	82.27106227
0.97278	81.83150183
0.97448	82.02686203
0.97618	81.63614164
0.97788	81.51404151
0.97958	81.36752137
0.98128	81.0989011
0.98298	80.63492063
0.98468	80.48840049
0.98638	79.95115995
0.98808	79.97557998
0.98978	79.46275946
0.99148	79.16971917
0.99318	79.60927961
0.99488	79.34065934
0.99658	78.9010989
0.99828	78.68131868
0.99998	78.58363858
1.00168	78.26617827
1.00338	77.72893773
1.00508	77.33821734
1.00678	77.38705739
1.00848	76.84981685
1.01018	76.996337
1.01188	76.50793651
1.01358	76.41025641
1.01528	76.06837607
1.01698	76.11721612
1.01868	76.06837607
1.02038	76.04395604
1.02208	75.16483516
1.02378	74.72527473
1.02548	74.7008547
1.02718	75.16483516
1.02888	74.26129426
1.03058	74.09035409
1.03228	74.11477411
1.03398	73.87057387
1.03568	73.35775336
1.03738	73.28449328
1.03908	73.33333333
1.04078	72.7960928
1.04248	72.62515263
1.04418	72.18559219
1.04588	71.89255189
1.04758	71.67277167
1.04928	71.30647131
1.05098	71.30647131
1.05268	71.30647131
1.05438	71.13553114
1.05608	70.76923077
1.05778	70.5006105
1.05948	70.13431013
1.06118	69.91452991
1.06288	70.01221001
1.06458	69.47496947
1.06628	69.4017094
1.06798	68.91330891
1.06968	68.69352869
1.07138	68.47374847
1.07308	68.98656899
1.07478	68.81562882
1.07648	68.00976801
1.07818	67.61904762
1.07988	67.61904762
1.08158	67.17948718
1.08328	66.88644689
1.08498	66.54456654
1.08668	66.47130647
1.08838	66.27594628
1.09008	66.25152625
1.09178	66.03174603
1.09348	66.08058608
1.09518	65.78754579
1.09688	65.25030525
1.09858	65.05494505
1.10028	64.95726496
1.10198	64.93284493
1.10368	64.05372405
1.10538	63.85836386
1.10708	64.05372405
1.10878	63.85836386
1.11048	63.05250305
1.11218	63.63858364
1.11388	63.1990232
1.11558	63.07692308
1.11728	62.61294261
1.11898	62.46642247
1.12068	62.39316239
1.12238	61.80708181
1.12408	61.61172161
1.12578	61.44078144
1.12748	60.87912088
1.12918	61.17216117
1.13088	60.61050061
1.13258	60.73260073
1.13428	60.63492063
1.13598	60.56166056
1.13768	60.26862027
1.13938	60
1.14108	59.85347985
1.14278	59.46275946
1.14448	58.92551893
1.14618	59.16971917
1.14788	58.55921856
1.14958	58.63247863
1.15128	58.21733822
1.15298	58.24175824
1.15468	58.29059829
1.15638	57.82661783
1.15808	57.53357753
1.15978	57.46031746
1.16148	56.94749695
1.16318	56.87423687
1.16488	56.7032967
1.16658	56.28815629
1.16828	56.19047619
1.16998	56.14163614
1.17168	55.55555556
1.17338	55.65323565
1.17508	55.45787546
1.17678	55.21367521
1.17848	54.96947497
1.18018	54.99389499
1.18188	54.50549451
1.18358	54.21245421
1.18528	54.45665446
1.18698	53.57753358
1.18868	53.62637363
1.19038	53.52869353
1.19208	53.33333333
1.19378	53.65079365
1.19548	53.28449328
1.19718	53.01587302
1.19888	52.45421245
1.20058	52.47863248
1.20228	51.96581197
1.20398	52.06349206
1.20568	51.77045177
1.20738	51.55067155
1.20908	51.5018315
1.21078	50.96459096
1.21248	50.74481074
1.21418	51.18437118
1.21588	50.4029304
1.21758	50.67155067
1.21928	50.32967033
1.22098	50.20757021
1.22268	49.62148962
1.22438	49.27960928
1.22608	49.13308913
1.22778	49.13308913
1.22948	49.25518926
1.23118	48.74236874
1.23288	48.69352869
1.23458	48.10744811
1.23628	48.42490842
1.23798	48.13186813
1.23968	47.74114774
1.24138	47.37484737
1.24308	47.44810745
1.24478	47.35042735
1.24648	46.98412698
1.24818	46.81318681
1.24988	46.34920635
1.25158	46.32478632
1.25328	46.3003663
1.25498	45.98290598
1.25668	45.98290598
1.25838	45.93406593
1.26008	45.3968254
1.26178	45.34798535
1.26348	45.25030525
1.26518	44.51770452
1.26688	44.51770452
1.26858	44.32234432
1.27028	44.24908425
1.27198	44.07814408
1.27368	43.98046398
1.27538	43.71184371
1.27708	43.41880342
1.27878	43.54090354
1.28048	43.24786325
1.28218	42.97924298
1.28388	42.12454212
1.28558	42.36874237
1.28728	42.27106227
1.28898	42.14896215
1.29068	42.12454212
1.29238	42.002442
1.29408	42.07570208
1.29578	41.63614164
1.29748	41.44078144
1.29918	40.78144078
1.30088	41.1965812
1.30258	40.65934066
1.30428	40.29304029
1.30598	40.41514042
1.30768	40.39072039
1.30938	40.12210012
1.31108	39.82905983
1.31278	39.9023199
1.31448	39.65811966
1.31618	39.36507937
1.31788	39.26739927
1.31958	39.14529915
1.32128	39.14529915
1.32298	38.43711844
1.32468	38.41269841
1.32638	38.33943834
1.32808	37.8998779
1.32978	38.16849817
1.33148	38.07081807
1.33318	37.65567766
1.33488	37.63125763
1.33658	37.48473748
1.33828	37.14285714
1.33998	36.75213675
1.34168	36.92307692
1.34338	36.28815629
1.34508	36.67887668
1.34678	35.92185592
1.34848	36.04395604
1.35018	35.995116
1.35188	35.72649573
1.35358	35.8974359
1.35528	35.40903541
1.35698	35.31135531
1.35868	35.36019536
1.36038	35.06715507
1.36208	34.99389499
1.36378	34.6031746
1.36548	34.57875458
1.36718	34.16361416
1.36888	34.16361416
1.37058	33.7973138
1.37228	33.87057387
1.37398	33.87057387
1.37568	33.28449328
1.37738	33.55311355
1.37908	32.96703297
1.38078	32.91819292
1.38248	32.86935287
1.38418	32.55189255
1.38588	32.42979243
1.38758	32.57631258
1.38928	32.33211233
1.39098	32.28327228
1.39268	32.25885226
1.39438	31.91697192
1.39608	31.45299145
1.39778	31.52625153
1.39948	31.25763126
1.40118	31.06227106
1.40288	31.08669109
1.40458	30.57387057
1.40628	30.62271062
1.40798	30.62271062
1.40968	30.54945055
1.41138	30.45177045
1.41308	30.42735043
1.41478	30.15873016
1.41648	30.18315018
1.41818	30.08547009
1.41988	29.81684982
1.42158	29.45054945
1.42328	29.32844933
1.42498	29.27960928
1.42668	29.01098901
1.42838	29.3040293
1.43008	28.96214896
1.43178	29.13308913
1.43348	28.98656899
1.43518	28.81562882
1.43688	28.57142857
1.43858	27.69230769
1.44028	27.81440781
1.44198	28.13186813
1.44368	27.64346764
1.44538	27.57020757
1.44708	27.47252747
1.44878	27.61904762
1.45048	27.03296703
1.45218	27.22832723
1.45388	27.54578755
1.45558	26.86202686
1.45728	26.73992674
1.45898	26.10500611
1.46068	26.34920635
1.46238	26.42246642
1.46408	26.03174603
1.46578	25.83638584
1.46748	25.81196581
1.46918	25.83638584
1.47088	25.51892552
1.47258	25.61660562
1.47428	25.49450549
1.47598	25.73870574
1.47768	25.3968254
1.47938	24.88400488
1.48108	24.76190476
1.48278	24.76190476
1.48448	24.46886447
1.48618	24.42002442
1.48788	24.2979243
1.48958	24.63980464
1.49128	24.1025641
1.49298	24.3956044
1.49468	24.15140415
1.49638	24.2979243
1.49808	23.90720391
1.49978	23.58974359
1.50148	23.73626374
1.50318	23.41880342
1.50488	23.41880342
1.50658	23.2967033
1.50828	23.1013431
1.50998	23.24786325
1.51168	22.97924298
1.51338	22.80830281
1.51508	22.95482295
1.51678	23.05250305
1.51848	22.44200244
1.52018	22.34432234
1.52188	22.46642247
1.52358	22.002442
1.52528	22.1001221
1.52698	21.92918193
1.52868	21.95360195
1.53038	21.92918193
1.53208	21.51404151
1.53378	21.75824176
1.53548	21.61172161
1.53718	21.63614164
1.53888	21.36752137
1.54058	21.0989011
1.54228	21.41636142
1.54398	20.92796093
1.54568	21.17216117
1.54738	20.9035409
1.54908	20.85470085
1.55078	20.56166056
1.55248	20.87912088
1.55418	20.63492063
1.55588	20.65934066
1.55758	20.36630037
1.55928	20.02442002
1.56098	19.97557998
1.56268	19.78021978
1.56438	19.73137973
1.56608	19.70695971
1.56778	19.9023199
1.56948	20.12210012
1.57118	19.58485958
1.57288	20.07326007
1.57458	19.21855922
1.57628	19.29181929
1.57798	19.0964591
1.57968	19.12087912
1.58138	19.65811966
1.58308	19.41391941
1.58478	18.73015873
1.58648	18.97435897
1.58818	18.97435897
1.58988	19.36507937
1.59158	18.31501832
1.59328	19.12087912
1.59498	19.21855922
1.59668	18.63247863
1.59838	18.36385836
1.60008	18.21733822
1.60178	18.60805861
1.60348	18.31501832
1.60518	17.85103785
1.60688	18.26617827
1.60858	17.997558
1.61028	18.33943834
1.61198	17.97313797
1.61368	17.65567766
1.61538	17.97313797
1.61708	17.8998779
1.61878	17.26495726
1.62048	17.46031746
1.62218	17.55799756
1.62388	17.55799756
1.62558	17.16727717
1.62728	17.46031746
1.62898	17.11843712
1.63068	17.33821734
1.63238	17.19169719
1.63408	17.11843712
1.63578	17.24053724
1.63748	17.24053724
1.63918	16.48351648
1.64088	16.87423687
1.64258	16.75213675
1.64428	16.8009768
1.64598	16.45909646
1.64768	16.72771673
1.64938	16.8986569
1.65108	16.84981685
1.65278	16.63003663
1.65448	16.48351648
1.65618	16.50793651
1.65788	16.06837607
1.65958	15.92185592
1.66128	16.04395604
1.66298	15.87301587
1.66468	15.82417582
1.66638	15.7997558
1.66808	16.11721612
1.66978	16.04395604
1.67148	15.6043956
1.67318	15.62881563
1.67488	15.65323565
1.67658	15.72649573
1.67828	15.36019536
1.67998	15.53113553
1.68168	15.43345543
1.68338	15.67765568
1.68508	15.45787546
1.68678	15.21367521
1.68848	15.6043956
1.69018	15.33577534
1.69188	15.28693529
1.69358	15.09157509
1.69528	15.28693529
1.69698	15.57997558
1.69868	14.7008547
1.70038	15.16483516
1.70208	15.14041514
1.70378	15.09157509
1.70548	14.82295482
1.70718	14.52991453
1.70888	15.11599512
1.71058	14.55433455
1.71228	14.8962149
1.71398	14.50549451
1.71568	14.77411477
1.71738	14.35897436
1.71908	14.21245421
1.72078	14.48107448
1.72248	13.96825397
1.72418	13.99267399
1.72588	13.89499389
1.72758	14.26129426
1.72928	14.28571429
1.73098	13.89499389
1.73268	14.33455433
1.73438	14.16361416
1.73608	14.43223443
1.73778	14.40781441
1.73948	13.94383394
1.74118	13.6019536
1.74288	14.04151404
1.74458	14.06593407
1.74628	13.65079365
1.74798	13.6996337
1.74968	13.52869353
1.75138	13.67521368
1.75308	13.82173382
1.75478	13.33333333
1.75648	13.77289377
1.75818	13.45543346
1.75988	13.6019536
1.76158	13.77289377
1.76328	13.40659341
1.76498	13.28449328
1.76668	13.43101343
1.76838	13.62637363
1.77008	13.47985348
1.77178	13.23565324
1.77348	13.5042735
1.77518	12.94261294
1.77688	13.16239316
1.77858	13.11355311
1.78028	13.06471306
1.78198	12.84493284
1.78368	12.6984127
1.78538	12.89377289
1.78708	12.86935287
1.78878	13.13797314
1.79048	13.23565324
1.79218	12.55189255
1.79388	12.64957265
1.79558	12.57631258
1.79728	12.6007326
1.79898	12.23443223
1.80068	12.35653236
1.80238	12.45421245
1.80408	12.28327228
1.80578	12.28327228
1.80748	12.47863248
1.80918	12.82051282
1.81088	12.21001221
1.81258	12.30769231
1.81428	12.03907204
1.81598	12.01465201
1.81768	12.42979243
1.81938	12.18559219
1.82108	11.91697192
1.82278	11.77045177
1.82448	12.01465201
1.82618	11.64835165
1.82788	11.94139194
1.82958	12.16117216
1.83128	11.79487179
1.83298	12.01465201
1.83468	11.64835165
1.83638	11.86813187
1.83808	11.79487179
1.83978	11.37973138
1.84148	11.4041514
1.84318	11.35531136
1.84488	11.57509158
1.84658	11.42857143
1.84828	11.79487179
1.84998	11.57509158
1.85168	11.20879121
1.85338	11.45299145
1.85508	11.28205128
1.85678	11.37973138
1.85848	11.23321123
1.86018	10.98901099
1.86188	10.76923077
1.86358	11.4041514
1.86528	11.23321123
1.86698	11.4041514
1.86868	11.37973138
1.87038	10.91575092
1.87208	11.13553114
1.87378	11.23321123
1.87548	10.84249084
1.87718	11.08669109
1.87888	11.11111111
1.88058	10.86691087
1.88228	10.6959707
1.88398	10.91575092
1.88568	10.62271062
1.88738	10.96459096
1.88908	10.72039072
1.89078	10.5006105
1.89248	10.6959707
1.89418	10.47619048
1.89588	10.64713065
1.89758	10.30525031
1.89928	9.865689866
1.90098	10.54945055
1.90268	9.938949939
1.90438	10.47619048
1.90608	10.18315018
1.90778	10.37851038
1.90948	10.23199023
1.91118	10.20757021
1.91288	10.01221001
1.91458	9.963369963
1.91628	9.841269841
1.91798	10.03663004
1.91968	9.938949939
1.92138	10.01221001
1.92308	9.987789988
1.92478	9.719169719
1.92648	9.89010989
1.92818	9.719169719
1.92988	10.03663004
1.93158	9.792429792
1.93328	9.474969475
1.93498	9.304029304
1.93668	9.401709402
1.93838	9.108669109
1.94008	9.27960928
1.94178	9.157509158
1.94348	9.743589744
1.94518	9.352869353
1.94688	9.157509158
1.94858	9.597069597
1.95028	9.255189255
1.95198	9.401709402
1.95368	9.133089133
1.95538	9.181929182
1.95708	9.108669109
1.95878	9.010989011
1.96048	9.181929182
1.96218	9.084249084
1.96388	9.206349206
1.96558	9.181929182
1.96728	8.791208791
1.96898	8.913308913
1.97068	8.84004884
1.97238	8.937728938
1.97408	8.547008547
1.97578	8.62026862
1.97748	8.766788767
1.97918	8.644688645
1.98088	8.278388278
1.98258	8.62026862
1.98428	8.742368742
1.98598	8.424908425
1.98768	8.473748474
1.98938	8.547008547
1.99108	8.4004884
1.99278	8.449328449
1.99448	8.058608059
1.99618	8.22954823
1.99788	7.912087912
1.99958	8.180708181
2.00128	8.00976801
2.00298	8.278388278
2.00468	8.034188034
2.00638	7.545787546
2.00808	8.107448107
2.00978	7.960927961
2.01148	7.887667888
2.01318	7.960927961
2.01488	7.643467643
2.01658	7.78998779
2.01828	7.203907204
2.01998	7.423687424
2.02168	7.399267399
2.02338	7.374847375
2.02508	7.423687424
2.02678	7.692307692
2.02848	7.814407814
2.03018	7.643467643
2.03188	7.399267399
2.03358	7.252747253
2.03528	7.106227106
2.03698	7.765567766
2.03868	7.326007326
2.04038	6.862026862
2.04208	7.179487179
2.04378	7.130647131
2.04548	7.106227106
2.04718	7.106227106
2.04888	7.130647131
2.05058	6.95970696
2.05228	6.813186813
2.05398	6.642246642
2.05568	6.691086691
2.05738	7.130647131
2.05908	6.422466422
2.06078	6.886446886
2.06248	6.495726496
2.06418	6.666666667
2.06588	6.73992674
2.06758	6.764346764
2.06928	6.788766789
2.07098	6.642246642
2.07268	6.715506716
2.07438	6.837606838
2.07608	6.593406593
2.07778	6.105006105
2.07948	6.129426129
2.08118	6.349206349
2.08288	6.031746032
2.08458	6.471306471
2.08628	6.349206349
2.08798	6.324786325
2.08968	6.275946276
2.09138	6.715506716
2.09308	6.275946276
2.09478	5.811965812
2.09648	6.056166056
2.09818	5.641025641
2.09988	6.031746032
2.10158	5.787545788
2.10328	5.811965812
2.10498	6.153846154
2.10668	5.811965812
2.10838	6.031746032
2.11008	6.080586081
2.11178	5.665445665
2.11348	6.007326007
2.11518	5.68986569
2.11688	5.665445665
2.11858	5.274725275
2.12028	5.225885226
2.12198	5.25030525
2.12368	5.616605617
2.12538	5.47008547
2.12708	5.518925519
2.12878	5.494505495
2.13048	5.787545788
2.13218	5.421245421
2.13388	4.786324786
2.13558	4.981684982
2.13728	4.932844933
2.13898	5.103785104
2.14068	4.688644689
2.14238	5.054945055
2.14408	4.786324786
2.14578	4.810744811
2.14748	4.981684982
2.14918	4.884004884
2.15088	4.85958486
2.15258	5.054945055
2.15428	4.761904762
2.15598	4.590964591
2.15768	4.688644689
2.15938	4.175824176
2.16108	4.566544567
2.16278	4.590964591
2.16448	4.908424908
2.16618	4.42002442
2.16788	4.737484737
2.16958	4.273504274
2.17128	4.590964591
2.17298	4.249084249
2.17468	4.42002442
2.17638	4.297924298
2.17808	4.224664225
2.17978	4.2002442
2.18148	4.42002442
2.18318	4.126984127
2.18488	4.322344322
2.18658	4.151404151
2.18828	4.2002442
2.18998	4.175824176
2.19168	4.566544567
2.19338	3.882783883
2.19508	3.98046398
2.19678	3.687423687
2.19848	4.102564103
2.20018	4.151404151
2.20188	3.907203907
2.20358	4.004884005
2.20528	4.2002442
2.20698	3.687423687
2.20868	3.931623932
2.21038	3.785103785
2.21208	3.785103785
2.21378	3.540903541
2.21548	3.540903541
2.21718	3.36996337
2.21888	3.58974359
2.22058	3.711843712
2.22228	3.199023199
2.22398	3.833943834
2.22568	3.296703297
2.22738	3.247863248
2.22908	3.418803419
2.23078	3.418803419
2.23248	3.052503053
2.23418	3.076923077
2.23588	2.881562882
2.23758	3.125763126
2.23928	3.174603175
2.24098	3.15018315
2.24268	3.028083028
2.24438	3.199023199
2.24608	3.003663004
2.24778	3.272283272
2.24948	3.174603175
2.25118	3.418803419
2.25288	3.101343101
2.25458	3.052503053
2.25628	2.759462759
2.25798	2.686202686
2.25968	2.881562882
2.26138	2.881562882
2.26308	2.710622711
2.26478	3.15018315
2.26648	2.808302808
2.26818	2.905982906
2.26988	2.735042735
2.27158	2.832722833
2.27328	2.808302808
2.27498	2.173382173
2.27668	3.125763126
2.27838	2.31990232
2.28008	2.53968254
2.28178	2.710622711
2.28348	2.31990232
2.28518	2.808302808
2.28688	2.393162393
2.28858	2.442002442
2.29028	2.564102564
2.29198	2.710622711
2.29368	2.442002442
2.29538	2.31990232
2.29708	2.466422466
2.29878	2.222222222
2.30048	2.466422466
2.30218	2.393162393
2.30388	2.31990232
2.30558	2.344322344
2.30728	2.31990232
2.30898	2.393162393
2.31068	2.197802198
2.31238	1.660561661
2.31408	1.978021978
2.31578	2.075702076
2.31748	2.1001221
2.31918	2.051282051
2.32088	1.636141636
2.32258	1.831501832
2.32428	1.758241758
2.32598	1.831501832
2.32768	2.124542125
2.32938	1.904761905
2.33108	2.051282051
2.33278	1.611721612
2.33448	1.929181929
2.33618	1.343101343
2.33788	1.758241758
2.33958	1.88034188
2.34128	1.343101343
2.34298	2.051282051
2.34468	2.173382173
2.34638	1.904761905
2.34808	1.684981685
2.34978	1.636141636
2.35148	1.538461538
2.35318	1.221001221
2.35488	1.48962149
2.35658	1.660561661
2.35828	1.636141636
2.35998	1.88034188
2.36168	1.416361416
2.36338	1.636141636
2.36508	1.660561661
2.36678	1.660561661
2.36848	1.684981685
2.37018	1.416361416
2.37188	1.48962149
2.37358	1.196581197
2.37528	1.416361416
2.37698	1.294261294
2.37868	1.367521368
2.38038	1.343101343
2.38208	1.343101343
2.38378	1.562881563
2.38548	1.26984127
2.38718	1.391941392
2.38888	0.8547008547
2.39058	1.391941392
2.39228	1.221001221
2.39398	0.7814407814
2.39568	1.123321123
2.39738	1.05006105
2.39908	1.465201465
2.40078	1.294261294
2.40248	1.025641026
2.40418	1.440781441
2.40588	1.025641026
2.40758	1.098901099
2.40928	1.025641026
2.41098	1.001221001
2.41268	1.147741148
2.41438	0.7081807082
2.41608	0.7814407814
2.41778	0.9768009768
2.41948	0.9035409035
2.42118	0.7326007326
2.42288	1.001221001
2.42458	0.9035409035
2.42628	1.074481074
2.42798	1.05006105
2.42968	1.074481074
2.43138	1.098901099
2.43308	0.9035409035
2.43478	0.7326007326
2.43648	0.8058608059
2.43818	0.8547008547
2.43988	1.074481074
2.44158	0.6105006105
2.44328	1.123321123
2.44498	0.7814407814
2.44668	0.9035409035
2.44838	0.8547008547
2.45008	0.5616605617
2.45178	1.074481074
2.45348	0.9523809524
2.45518	0.8302808303
2.45688	0.6593406593
2.45858	0.6837606838
2.46028	0.7081807082
2.46198	0.6837606838
2.46368	0.9035409035
2.46538	1.001221001
2.46708	0.6349206349
2.46878	1.147741148
2.47048	0.1709401709
2.47218	0.7081807082
2.47388	0.3418803419
2.47558	0.757020757
2.47728	0.4151404151
2.47898	0.7814407814
2.48068	0.9035409035
2.48238	0.6837606838
2.48408	1.074481074
2.48578	0.757020757
2.48748	0.6349206349
2.48918	0.4151404151
2.49088	0.4395604396
2.49258	0.7326007326
2.49428	0.6349206349
2.49598	0.5128205128
2.49768	0.8547008547
2.49938	1.172161172
2.50108	0.927960928
2.50278	0.5128205128
2.50448	0.9523809524
2.50618	0.7814407814
2.50788	0.6593406593
2.50958	0.757020757
2.51128	0.7814407814
2.51298	0.7326007326
2.51468	0.9523809524
2.51638	0.6105006105
2.51808	0.7081807082
2.51978	0.8547008547
2.52148	0.8058608059
2.52318	0.5860805861
2.52488	0.6349206349
2.52658	0.8302808303
2.52828	0.7081807082
2.52998	0.7326007326
2.53168	0.4395604396
2.53338	0.4884004884
2.53508	1.098901099
2.53678	0.8547008547
2.53848	0.927960928
2.54018	1.001221001
2.54188	0.9768009768
2.54358	0.6837606838
2.54528	0.7081807082
2.54698	0.8547008547
2.54868	1.001221001
2.55038	0.7326007326
2.55208	0.4395604396
2.55378	0.927960928
2.55548	0.9523809524
2.55718	1.147741148
2.55888	1.343101343
2.56058	1.26984127
2.56228	1.001221001
2.56398	0.8058608059
2.56568	0.757020757
2.56738	1.26984127
2.56908	1.172161172
2.57078	0.8058608059
2.57248	1.221001221
2.57418	1.391941392
2.57588	1.074481074
2.57758	1.391941392
2.57928	1.294261294
2.58098	1.465201465
2.58268	1.318681319
2.58438	0.4884004884
2.58608	1.074481074
2.58778	1.172161172
2.58948	1.074481074
2.59118	1.172161172
2.59288	1.343101343
2.59458	1.562881563
2.59628	1.440781441
2.59798	1.367521368
2.59968	1.367521368
2.60138	1.709401709
2.60308	1.098901099
2.60478	0.9523809524
2.60648	1.611721612
2.60818	1.172161172
2.60988	1.416361416
2.61158	1.343101343
2.61328	1.538461538
2.61498	1.562881563
2.61668	1.562881563
2.61838	1.709401709
2.62008	1.465201465
2.62178	1.48962149
2.62348	1.196581197
2.62518	1.367521368
2.62688	2.002442002
2.62858	1.343101343
2.63028	1.611721612
2.63198	1.245421245
2.63368	1.758241758
2.63538	1.48962149
2.63708	1.074481074
2.63878	1.562881563
2.64048	1.05006105
2.64218	1.684981685
2.64388	1.367521368
2.64558	1.318681319
2.64728	1.465201465
2.64898	1.929181929
2.65068	1.709401709
2.65238	1.538461538
2.65408	1.831501832
2.65578	1.953601954
2.65748	1.929181929
2.65918	1.807081807
2.66088	1.855921856
2.66258	1.807081807
2.66428	1.88034188
2.66598	1.88034188
2.66768	1.855921856
2.66938	2.124542125
2.67108	2.002442002
2.67278	2.148962149
2.67448	2.148962149
2.67618	2.051282051
2.67788	2.051282051
2.67958	2.148962149
2.68128	1.953601954
2.68298	1.782661783
2.68468	1.587301587
2.68638	2.051282051
2.68808	1.709401709
2.68978	2.075702076
2.69148	1.538461538
2.69318	2.368742369
2.69488	2.222222222
2.69658	2.271062271
2.69828	1.904761905
2.69998	1.807081807
2.70168	2.246642247
2.70338	1.709401709
2.70508	1.855921856
2.70678	1.733821734
2.70848	1.953601954
2.71018	2.295482295
2.71188	2.368742369
2.71358	2.173382173
2.71528	2.53968254
2.71698	2.197802198
2.71868	2.075702076
2.72038	2.051282051
2.72208	2.246642247
2.72378	2.173382173
2.72548	2.197802198
2.72718	2.368742369
2.72888	2.490842491
2.73058	2.026862027
2.73228	2.222222222
2.73398	2.490842491
2.73568	2.222222222
2.73738	2.31990232
2.73908	2.051282051
2.74078	2.368742369
2.74248	2.490842491
2.74418	2.588522589
2.74588	2.490842491
2.74758	2.735042735
2.74928	2.637362637
2.75098	2.759462759
2.75268	2.93040293
2.75438	2.905982906
2.75608	2.661782662
2.75778	2.515262515
2.75948	2.588522589
2.76118	2.686202686
2.76288	2.564102564
2.76458	2.53968254
2.76628	2.783882784
2.76798	2.612942613
2.76968	2.954822955
2.77138	2.637362637
2.77308	2.857142857
2.77478	2.417582418
2.77648	2.93040293
2.77818	2.93040293
2.77988	2.344322344
2.78158	2.905982906
2.78328	2.710622711
2.78498	2.710622711
2.78668	2.759462759
2.78838	2.637362637
2.79008	2.954822955
2.79178	2.368742369
2.79348	2.686202686
2.79518	2.93040293
2.79688	3.125763126
2.79858	2.686202686
2.80028	2.637362637
2.80198	2.857142857
2.80368	2.393162393
2.80538	2.979242979
2.80708	2.783882784
2.80878	3.125763126
2.81048	3.003663004
2.81218	3.125763126
2.81388	3.418803419
2.81558	3.101343101
2.81728	3.223443223
2.81898	3.003663004
2.82068	3.101343101
2.82238	3.003663004
2.82408	3.15018315
2.82578	3.174603175
2.82748	2.881562882
2.82918	3.247863248
2.83088	3.028083028
2.83258	3.58974359
2.83428	3.345543346
2.83598	3.321123321
2.83768	3.321123321
2.83938	2.979242979
2.84108	3.101343101
2.84278	3.028083028
2.84448	2.759462759
2.84618	2.954822955
2.84788	3.052503053
2.84958	3.736263736
2.85128	3.15018315
2.85298	3.443223443
2.85468	3.443223443
2.85638	3.345543346
2.85808	3.345543346
2.85978	3.223443223
2.86148	3.223443223
2.86318	2.954822955
2.86488	3.345543346
2.86658	3.272283272
2.86828	3.443223443
2.86998	3.345543346
2.87168	3.076923077
2.87338	3.711843712
2.87508	3.394383394
2.87678	3.394383394
2.87848	3.492063492
2.88018	3.345543346
2.88188	3.540903541
2.88358	3.174603175
2.88528	3.296703297
2.88698	3.443223443
2.88868	3.58974359
2.89038	3.760683761
2.89208	3.614163614
2.89378	3.638583639
2.89548	3.58974359
2.89718	3.687423687
2.89888	3.467643468
2.90058	3.321123321
2.90228	3.394383394
2.90398	3.540903541
2.90568	3.443223443
2.90738	3.711843712
2.90908	3.614163614
2.91078	3.443223443
2.91248	3.58974359
2.91418	3.687423687
2.91588	3.663003663
2.91758	3.58974359
2.91928	3.760683761
2.92098	3.247863248
2.92268	3.345543346
2.92438	3.760683761
2.92608	3.003663004
2.92778	3.467643468
2.92948	3.492063492
2.93118	3.492063492
2.93288	3.614163614
2.93458	3.394383394
2.93628	3.540903541
2.93798	3.638583639
2.93968	3.614163614
2.94138	3.882783883
2.94308	3.58974359
2.94478	3.663003663
2.94648	3.540903541
2.94818	3.760683761
2.94988	3.882783883
2.95158	3.663003663
2.95328	3.736263736
2.95498	3.492063492
2.95668	3.80952381
2.95838	3.565323565
2.96008	3.785103785
2.96178	4.029304029
2.96348	3.663003663
2.96518	3.199023199
2.96688	3.833943834
2.96858	3.833943834
2.97028	3.711843712
2.97198	3.614163614
2.97368	3.858363858
2.97538	4.053724054
2.97708	4.126984127
2.97878	3.711843712
2.98048	3.614163614
2.98218	3.956043956
2.98388	3.785103785
2.98558	3.98046398
2.98728	3.760683761
2.98898	4.468864469
2.99068	3.931623932
2.99238	3.833943834
2.99408	3.858363858
2.99578	3.956043956
2.99748	4.078144078
2.99918	3.565323565
3.00088	3.516483516
3.00258	3.638583639
3.00428	3.711843712
3.00598	3.956043956
3.00768	3.638583639
3.00938	3.882783883
3.01108	3.931623932
3.01278	3.98046398
3.01448	3.931623932
3.01618	4.004884005
3.01788	3.833943834
3.01958	3.540903541
3.02128	3.956043956
3.02298	3.882783883
3.02468	4.322344322
3.02638	4.102564103
3.02808	4.053724054
3.02978	4.175824176
3.03148	3.98046398
3.03318	4.249084249
3.03488	4.175824176
3.03658	4.053724054
3.03828	3.858363858
3.03998	3.785103785
3.04168	4.395604396
3.04338	3.80952381
3.04508	4.175824176
3.04678	3.833943834
3.04848	4.322344322
3.05018	4.078144078
3.05188	4.2002442
3.05358	3.98046398
3.05528	4.249084249
3.05698	4.273504274
3.05868	4.078144078
3.06038	4.126984127
3.06208	3.760683761
3.06378	4.2002442
3.06548	4.322344322
3.06718	3.833943834
3.06888	3.98046398
3.07058	4.102564103
3.07228	4.029304029
3.07398	3.833943834
3.07568	4.102564103
3.07738	4.151404151
3.07908	4.029304029
3.08078	4.004884005
3.08248	3.907203907
3.08418	4.078144078
3.08588	4.2002442
3.08758	4.249084249
3.08928	4.029304029
3.09098	3.931623932
3.09268	4.151404151
3.09438	3.956043956
3.09608	4.273504274
3.09778	3.931623932
3.09948	3.58974359
3.10118	3.956043956
3.10288	4.102564103
3.10458	3.736263736
3.10628	4.078144078
3.10798	3.882783883
3.10968	4.42002442
3.11138	3.931623932
3.11308	4.078144078
3.11478	4.029304029
3.11648	4.395604396
3.11818	3.711843712
3.11988	3.98046398
3.12158	3.858363858
3.12328	3.956043956
3.12498	4.004884005
3.12668	3.882783883
3.12838	4.249084249
3.13008	4.175824176
3.13178	4.004884005
3.13348	4.224664225
3.13518	4.297924298
3.13688	4.029304029
3.13858	3.736263736
3.14028	4.004884005
3.14198	4.029304029
3.14368	3.98046398
3.14538	4.126984127
3.14708	4.078144078
3.14878	4.468864469
3.15048	4.493284493
3.15218	3.931623932
3.15388	4.151404151
3.15558	4.664224664
3.15728	4.493284493
3.15898	3.565323565
3.16068	4.004884005
3.16238	3.907203907
3.16408	4.078144078
3.16578	3.956043956
3.16748	3.687423687
3.16918	4.029304029
3.17088	4.004884005
3.17258	4.322344322
3.17428	3.80952381
3.17598	4.273504274
3.17768	4.029304029
3.17938	3.833943834
3.18108	3.907203907
3.18278	3.931623932
3.18448	4.371184371
3.18618	4.029304029
3.18788	4.126984127
3.18958	4.175824176
3.19128	4.468864469
3.19298	4.151404151
3.19468	4.102564103
3.19638	4.053724054
3.19808	4.2002442
3.19978	4.053724054
3.20148	3.760683761
3.20318	3.98046398
3.20488	4.322344322
3.20658	4.297924298
3.20828	4.468864469
3.20998	3.956043956
3.21168	4.249084249
3.21338	4.322344322
3.21508	3.956043956
3.21678	4.395604396
3.21848	4.102564103
3.22018	3.98046398
3.22188	3.711843712
3.22358	4.175824176
3.22528	4.126984127
3.22698	3.785103785
3.22868	4.273504274
3.23038	3.907203907
3.23208	4.053724054
3.23378	3.882783883
3.23548	4.004884005
3.23718	3.931623932
3.23888	3.80952381
3.24058	3.736263736
3.24228	4.126984127
3.24398	4.297924298
3.24568	3.907203907
3.24738	3.882783883
3.24908	4.053724054
3.25078	3.785103785
3.25248	3.882783883
3.25418	4.175824176
3.25588	3.687423687
3.25758	3.98046398
3.25928	3.833943834
3.26098	4.029304029
3.26268	3.882783883
3.26438	3.711843712
3.26608	3.98046398
3.26778	4.053724054
3.26948	4.151404151
3.27118	3.882783883
3.27288	4.126984127
3.27458	3.907203907
3.27628	3.882783883
3.27798	3.858363858
3.27968	3.687423687
3.28138	3.858363858
3.28308	4.151404151
3.28478	3.931623932
3.28648	3.711843712
3.28818	3.931623932
3.28988	4.004884005
3.29158	3.736263736
3.29328	3.711843712
3.29498	3.907203907
3.29668	4.102564103
3.29838	3.711843712
3.30008	3.614163614
3.30178	3.492063492
3.30348	3.785103785
3.30518	3.711843712
3.30688	3.540903541
3.30858	4.126984127
3.31028	4.126984127
3.31198	4.029304029
3.31368	3.785103785
3.31538	3.907203907
3.31708	3.687423687
3.31878	3.785103785
3.32048	3.785103785
3.32218	4.053724054
3.32388	3.736263736
3.32558	3.565323565
3.32728	3.80952381
3.32898	3.833943834
3.33068	4.102564103
3.33238	3.663003663
3.33408	3.614163614
3.33578	3.760683761
3.33748	3.540903541
3.33918	3.321123321
3.34088	3.760683761
3.34258	3.565323565
3.34428	3.638583639
3.34598	3.785103785
3.34768	4.029304029
3.34938	4.029304029
3.35108	3.467643468
3.35278	4.175824176
3.35448	3.80952381
3.35618	4.078144078
3.35788	3.565323565
3.35958	3.858363858
3.36128	3.418803419
3.36298	3.36996337
3.36468	4.053724054
3.36638	3.58974359
3.36808	4.053724054
3.36978	3.760683761
3.37148	3.614163614
3.37318	3.296703297
3.37488	3.785103785
3.37658	3.858363858
3.37828	3.394383394
3.37998	3.492063492
3.38168	3.785103785
3.38338	3.321123321
3.38508	3.687423687
3.38678	3.58974359
3.38848	3.956043956
3.39018	3.638583639
3.39188	3.614163614
3.39358	3.736263736
3.39528	3.760683761
3.39698	3.956043956
3.39868	3.418803419
3.40038	3.638583639
3.40208	3.247863248
3.40378	3.565323565
3.40548	3.443223443
3.40718	3.663003663
3.40888	3.638583639
3.41058	3.565323565
3.41228	3.858363858
3.41398	3.492063492
3.41568	3.540903541
3.41738	3.711843712
3.41908	3.443223443
3.42078	3.736263736
3.42248	3.760683761
3.42418	3.58974359
3.42588	3.882783883
3.42758	3.907203907
3.42928	3.614163614
3.43098	3.80952381
3.43268	3.516483516
3.43438	3.36996337
3.43608	3.98046398
3.43778	3.638583639
3.43948	3.272283272
3.44118	3.394383394
3.44288	3.687423687
3.44458	3.516483516
3.44628	3.614163614
3.44798	3.858363858
3.44968	3.58974359
3.45138	3.711843712
3.45308	3.736263736
3.45478	3.418803419
3.45648	3.687423687
3.45818	3.174603175
3.45988	3.345543346
3.46158	3.223443223
3.46328	3.223443223
3.46498	3.736263736
3.46668	3.516483516
3.46838	3.58974359
3.47008	3.711843712
3.47178	3.443223443
3.47348	3.687423687
3.47518	3.614163614
3.47688	3.760683761
3.47858	3.36996337
3.48028	3.540903541
3.48198	3.125763126
3.48368	3.614163614
3.48538	3.492063492
3.48708	3.247863248
3.48878	3.199023199
3.49048	3.858363858
3.49218	3.467643468
3.49388	3.614163614
3.49558	3.345543346
3.49728	3.15018315
3.49898	3.052503053
3.50068	3.247863248
3.50238	2.93040293
3.50408	3.418803419
3.50578	3.394383394
3.50748	3.345543346
3.50918	3.418803419
3.51088	3.345543346
3.51258	3.516483516
3.51428	3.15018315
3.51598	3.492063492
3.51768	3.443223443
3.51938	3.443223443
3.52108	3.15018315
3.52278	3.36996337
3.52448	3.516483516
3.52618	3.272283272
3.52788	3.321123321
3.52958	3.540903541
3.53128	3.467643468
3.53298	3.418803419
3.53468	3.296703297
3.53638	3.858363858
3.53808	3.296703297
3.53978	3.565323565
3.54148	3.614163614
3.54318	3.296703297
3.54488	4.004884005
3.54658	3.467643468
3.54828	3.223443223
3.54998	3.223443223
3.55168	3.516483516
3.55338	3.174603175
3.55508	3.345543346
3.55678	3.272283272
3.55848	3.443223443
3.56018	3.052503053
3.56188	3.663003663
3.56358	3.516483516
3.56528	3.443223443
3.56698	3.223443223
3.56868	3.418803419
3.57038	3.296703297
3.57208	3.394383394
3.57378	3.418803419
3.57548	3.321123321
3.57718	3.15018315
3.57888	3.394383394
3.58058	3.321123321
3.58228	3.15018315
3.58398	3.345543346
3.58568	3.58974359
3.58738	3.174603175
3.58908	3.614163614
3.59078	3.443223443
3.59248	3.394383394
3.59418	2.905982906
3.59588	3.443223443
3.59758	3.125763126
3.59928	3.321123321
3.60098	3.223443223
3.60268	3.58974359
3.60438	3.833943834
3.60608	3.272283272
3.60778	3.443223443
3.60948	3.467643468
3.61118	3.272283272
3.61288	3.272283272
3.61458	3.101343101
3.61628	3.101343101
3.61798	3.199023199
3.61968	3.443223443
3.62138	3.125763126
3.62308	3.296703297
3.62478	3.394383394
3.62648	3.199023199
3.62818	3.223443223
3.62988	3.199023199
3.63158	3.614163614
3.63328	3.101343101
3.63498	2.710622711
3.63668	3.247863248
3.63838	3.15018315
3.64008	3.345543346
3.64178	3.028083028
3.64348	3.565323565
3.64518	3.540903541
3.64688	3.882783883
3.64858	3.247863248
3.65028	3.345543346
3.65198	3.076923077
3.65368	3.272283272
3.65538	3.052503053
3.65708	3.223443223
3.65878	3.418803419
3.66048	3.345543346
3.66218	3.125763126
3.66388	3.516483516
3.66558	3.052503053
3.66728	3.272283272
3.66898	3.36996337
3.67068	3.540903541
3.67238	3.223443223
3.67408	3.174603175
3.67578	3.321123321
3.67748	3.321123321
3.67918	3.199023199
3.68088	3.36996337
3.68258	3.540903541
3.68428	3.321123321
3.68598	3.516483516
3.68768	3.345543346
3.68938	3.321123321
3.69108	3.36996337
3.69278	3.052503053
3.69448	2.905982906
3.69618	3.345543346
3.69788	2.979242979
3.69958	2.979242979
3.70128	3.052503053
3.70298	3.028083028
3.70468	3.540903541
3.70638	3.296703297
3.70808	3.15018315
3.70978	3.174603175
3.71148	3.687423687
3.71318	3.101343101
3.71488	3.199023199
3.71658	3.15018315
3.71828	3.321123321
3.71998	3.125763126
3.72168	3.028083028
3.72338	3.125763126
3.72508	3.272283272
3.72678	3.028083028
3.72848	3.272283272
3.73018	3.223443223
3.73188	3.199023199
3.73358	2.881562882
3.73528	3.296703297
3.73698	3.223443223
3.73868	3.345543346
3.74038	3.321123321
3.74208	3.199023199
3.74378	3.394383394
3.74548	3.467643468
3.74718	2.979242979
3.74888	3.028083028
3.75058	3.15018315
3.75228	3.052503053
3.75398	2.905982906
3.75568	2.93040293
3.75738	3.321123321
3.75908	3.174603175
3.76078	3.125763126
3.76248	2.979242979
3.76418	3.076923077
3.76588	3.223443223
3.76758	2.881562882
3.76928	3.003663004
3.77098	3.565323565
3.77268	3.101343101
3.77438	2.954822955
3.77608	3.15018315
3.77778	3.076923077
3.77948	3.003663004
3.78118	2.905982906
3.78288	3.394383394
3.78458	3.345543346
3.78628	3.15018315
3.78798	3.052503053
3.78968	3.15018315
3.79138	3.272283272
3.79308	2.857142857
3.79478	2.857142857
3.79648	2.954822955
3.79818	2.783882784
3.79988	3.247863248
3.80158	2.759462759
3.80328	3.052503053
3.80498	3.247863248
3.80668	2.710622711
3.80838	3.028083028
3.81008	3.052503053
3.81178	3.125763126
3.81348	2.954822955
3.81518	2.759462759
3.81688	3.076923077
3.81858	2.881562882
3.82028	3.076923077
3.82198	2.832722833
3.82368	3.028083028
3.82538	3.003663004
3.82708	3.003663004
3.82878	2.881562882
3.83048	3.174603175
3.83218	2.905982906
3.83388	2.490842491
3.83558	3.003663004
3.83728	2.93040293
3.83898	2.686202686
3.84068	2.588522589
3.84238	2.783882784
3.84408	3.052503053
3.84578	2.881562882
3.84748	2.954822955
3.84918	2.93040293
3.85088	3.076923077
3.85258	2.686202686
3.85428	2.661782662
3.85598	2.490842491
3.85768	2.637362637
3.85938	2.905982906
3.86108	2.857142857
3.86278	3.076923077
3.86448	3.125763126
3.86618	3.101343101
3.86788	3.199023199
3.86958	2.710622711
3.87128	2.979242979
3.87298	2.783882784
3.87468	2.857142857
3.87638	2.295482295
3.87808	2.881562882
3.87978	2.710622711
3.88148	2.783882784
3.88318	2.417582418
3.88488	3.052503053
3.88658	2.93040293
3.88828	2.637362637
3.88998	2.954822955
3.89168	3.003663004
3.89338	2.612942613
3.89508	2.564102564
3.89678	2.686202686
3.89848	3.028083028
3.90018	3.15018315
3.90188	2.759462759
3.90358	2.612942613
3.90528	2.979242979
3.90698	3.174603175
3.90868	2.857142857
3.91038	2.710622711
3.91208	3.125763126
3.91378	2.759462759
3.91548	2.442002442
3.91718	2.832722833
3.91888	2.710622711
3.92058	2.53968254
3.92228	2.735042735
3.92398	3.003663004
3.92568	3.125763126
3.92738	2.515262515
3.92908	2.612942613
3.93078	3.076923077
3.93248	2.466422466
3.93418	2.368742369
3.93588	2.612942613
3.93758	2.759462759
3.93928	2.466422466
3.94098	2.295482295
3.94268	2.881562882
3.94438	2.442002442
3.94608	2.637362637
3.94778	2.53968254
3.94948	2.344322344
3.95118	2.661782662
3.95288	2.344322344
3.95458	2.246642247
3.95628	2.564102564
3.95798	2.417582418
3.95968	2.417582418
3.96138	2.393162393
3.96308	2.466422466
3.96478	2.881562882
3.96648	2.93040293
3.96818	2.637362637
3.96988	2.588522589
3.97158	2.979242979
3.97328	2.197802198
3.97498	2.173382173
3.97668	2.197802198
3.97838	2.393162393
3.98008	2.686202686
3.98178	2.393162393
3.98348	2.588522589
3.98518	2.295482295
3.98688	2.53968254
3.98858	2.93040293
3.99028	2.344322344
3.99198	2.490842491
3.99368	2.344322344
3.99538	1.978021978
3.99708	2.417582418
3.99878	2.612942613
4.00048	2.075702076
4.00218	2.31990232
4.00388	2.490842491
4.00558	2.1001221
4.00728	2.368742369
4.00898	1.953601954
4.01068	2.368742369
4.01238	2.31990232
4.01408	2.271062271
4.01578	1.807081807
4.01748	1.929181929
4.01918	2.515262515
4.02088	2.417582418
4.02258	2.466422466
4.02428	2.368742369
4.02598	2.393162393
4.02768	2.271062271
4.02938	2.368742369
4.03108	2.490842491
4.03278	2.222222222
4.03448	2.002442002
4.03618	1.88034188
4.03788	2.368742369
4.03958	2.393162393
4.04128	2.1001221
4.04298	2.1001221
4.04468	2.490842491
4.04638	2.124542125
4.04808	2.490842491
4.04978	2.1001221
4.05148	2.393162393
4.05318	1.88034188
4.05488	2.1001221
4.05658	1.953601954
4.05828	2.53968254
4.05998	2.246642247
4.06168	2.271062271
4.06338	2.246642247
4.06508	2.026862027
4.06678	2.173382173
4.06848	2.075702076
4.07018	2.173382173
4.07188	2.124542125
4.07358	2.173382173
4.07528	1.782661783
4.07698	1.636141636
4.07868	2.051282051
4.08038	1.855921856
4.08208	2.1001221
4.08378	2.124542125
4.08548	2.148962149
4.08718	2.197802198
4.08888	1.807081807
4.09058	2.148962149
4.09228	1.978021978
4.09398	1.782661783
4.09568	1.807081807
4.09738	1.88034188
4.09908	1.782661783
4.10078	2.002442002
4.10248	1.831501832
4.10418	2.075702076
4.10588	1.807081807
4.10758	2.026862027
4.10928	1.807081807
4.11098	2.173382173
4.11268	1.953601954
4.11438	1.660561661
4.11608	1.831501832
4.11778	1.587301587
4.11948	1.88034188
4.12118	1.294261294
4.12288	1.88034188
4.12458	1.807081807
4.12628	1.88034188
4.12798	1.660561661
4.12968	1.562881563
4.13138	2.393162393
4.13308	1.587301587
4.13478	2.051282051
4.13648	1.221001221
4.13818	1.978021978
4.13988	1.758241758
4.14158	1.733821734
4.14328	1.978021978
4.14498	1.733821734
4.14668	1.587301587
4.14838	1.562881563
4.15008	1.758241758
4.15178	1.587301587
4.15348	1.611721612
4.15518	1.733821734
4.15688	1.343101343
4.15858	2.026862027
4.16028	1.636141636
4.16198	1.562881563
4.16368	1.562881563
4.16538	1.538461538
4.16708	1.831501832
4.16878	1.294261294
4.17048	1.48962149
4.17218	1.367521368
4.17388	1.318681319
4.17558	1.709401709
4.17728	1.245421245
4.17898	1.88034188
4.18068	1.440781441
4.18238	1.367521368
4.18408	1.660561661
4.18578	1.636141636
4.18748	1.26984127
4.18918	1.245421245
4.19088	1.440781441
4.19258	1.294261294
4.19428	1.684981685
4.19598	1.391941392
4.19768	1.221001221
4.19938	1.123321123
4.20108	1.465201465
4.20278	1.245421245
4.20448	1.391941392
4.20618	1.684981685
4.20788	1.465201465
4.20958	1.48962149
4.21128	1.587301587
4.21298	1.074481074
4.21468	1.172161172
4.21638	1.26984127
4.21808	1.245421245
4.21978	1.514041514
4.22148	1.660561661
4.22318	1.465201465
4.22488	1.391941392
4.22658	1.48962149
4.22828	1.123321123
4.22998	0.6349206349
4.23168	1.172161172
4.23338	1.465201465
4.23508	1.074481074
4.23678	0.927960928
4.23848	1.611721612
4.24018	1.05006105
4.24188	1.172161172
4.24358	1.318681319
4.24528	1.123321123
4.24698	1.294261294
4.24868	1.245421245
4.25038	0.9768009768
4.25208	1.26984127
4.25378	1.367521368
4.25548	1.147741148
4.25718	1.343101343
4.25888	1.416361416
4.26058	1.221001221
4.26228	1.221001221
4.26398	1.343101343
4.26568	1.367521368
4.26738	0.9523809524
4.26908	1.05006105
4.27078	0.7081807082
4.27248	0.9768009768
4.27418	1.074481074
4.27588	0.7326007326
4.27758	1.123321123
4.27928	1.48962149
4.28098	1.172161172
4.28268	1.123321123
4.28438	1.147741148
4.28608	1.367521368
4.28778	1.26984127
4.28948	0.6349206349
4.29118	1.440781441
4.29288	0.9523809524
4.29458	0.8302808303
4.29628	0.7814407814
4.29798	1.440781441
4.29968	1.391941392
4.30138	1.196581197
4.30308	1.221001221
4.30478	1.147741148
4.30648	1.221001221
4.30818	0.6837606838
4.30988	0.8058608059
4.31158	1.001221001
4.31328	0.7814407814
4.31498	1.172161172
4.31668	1.440781441
4.31838	1.123321123
4.32008	0.9035409035
4.32178	0.7326007326
4.32348	0.6593406593
4.32518	1.025641026
4.32688	1.074481074
4.32858	0.8302808303
4.33028	0.7814407814
4.33198	0.757020757
4.33368	1.05006105
4.33538	1.098901099
4.33708	0.7326007326
4.33878	1.294261294
4.34048	0.927960928
4.34218	1.196581197
4.34388	1.098901099
4.34558	0.757020757
4.34728	0.463980464
4.34898	0.757020757
4.35068	0.7081807082
4.35238	1.074481074
4.35408	0.7326007326
4.35578	0.927960928
4.35748	0.7081807082
4.35918	0.757020757
4.36088	0.6837606838
4.36258	0.6105006105
4.36428	0.9523809524
4.36598	0.9035409035
4.36768	1.025641026
4.36938	0.757020757
4.37108	0.463980464
4.37278	0.8058608059
4.37448	1.05006105
4.37618	0.9523809524
4.37788	0.757020757
4.37958	1.172161172
4.38128	0.6105006105
4.38298	1.245421245
4.38468	0.9523809524
4.38638	0.6349206349
4.38808	0.5860805861
4.38978	0.5860805861
4.39148	0.6593406593
4.39318	0.5128205128
4.39488	1.05006105
4.39658	0.5860805861
4.39828	0.9768009768
4.39998	0.6105006105
4.40168	0.463980464
4.40338	0.9523809524
4.40508	0.8791208791
4.40678	0.757020757
4.40848	0.8547008547
4.41018	0.4395604396
4.41188	0.3418803419
4.41358	0.4151404151
4.41528	0.5616605617
4.41698	0.6349206349
4.41868	0.9523809524
4.42038	0.8058608059
4.42208	0.6837606838
4.42378	0.6105006105
4.42548	0.4884004884
4.42718	0.7814407814
4.42888	0.3418803419
4.43058	0.7326007326
4.43228	0.6593406593
4.43398	0.6593406593
4.43568	0.7814407814
4.43738	0.7814407814
4.43908	0.757020757
4.44078	0.8302808303
4.44248	0.5128205128
4.44418	0.7081807082
4.44588	0.7814407814
4.44758	0.3907203907
4.44928	0.4395604396
4.45098	0.5616605617
4.45268	0.7081807082
4.45438	0.8302808303
4.45608	0.757020757
4.45778	0.463980464
4.45948	0.5128205128
4.46118	0.5372405372
4.46288	0.7081807082
4.46458	0.7326007326
4.46628	0.8547008547
4.46798	0.3907203907
4.46968	0.927960928
4.47138	0.3174603175
4.47308	0.4395604396
4.47478	1.221001221
4.47648	0.3663003663
4.47818	0.8791208791
4.47988	0.463980464
4.48158	1.001221001
4.48328	0.6593406593
4.48498	0.9523809524
4.48668	0.8058608059
4.48838	0.5860805861
4.49008	0.5128205128
4.49178	0.4151404151
4.49348	0.757020757
4.49518	1.147741148
4.49688	0.4151404151
4.49858	0.9768009768
4.50028	0.5860805861
4.50198	0.8058608059
4.50368	0.6837606838
4.50538	0.6105006105
4.50708	0.463980464
4.50878	0.3174603175
4.51048	0.2686202686
4.51218	0.6593406593
4.51388	0.8547008547
4.51558	0.6349206349
4.51728	0.463980464
4.51898	0.3418803419
4.52068	0.8791208791
4.52238	0.5616605617
4.52408	0.3418803419
4.52578	0.463980464
4.52748	0.6837606838
4.52918	0.463980464
4.53088	0.4151404151
4.53258	0.4395604396
4.53428	0.6593406593
4.53598	0.4395604396
4.53768	0.927960928
4.53938	0.5860805861
4.54108	0.4884004884
4.54278	0.4395604396
4.54448	0.6105006105
4.54618	0.5128205128
4.54788	0.757020757
4.54958	0.6837606838
4.55128	0.1709401709
4.55298	0.7326007326
4.55468	0.9035409035
4.55638	0.757020757
4.55808	0.6593406593
4.55978	0.7081807082
4.56148	1.05006105
4.56318	0.4395604396
4.56488	0.3907203907
4.56658	0.3174603175
4.56828	0.5128205128
4.56998	0.3418803419
4.57168	0.463980464
4.57338	0.7326007326
4.57508	0.463980464
4.57678	0.293040293
4.57848	0.4884004884
4.58018	0.5616605617
4.58188	0.7814407814
4.58358	0.2686202686
4.58528	0.6105006105
4.58698	0.8791208791
4.58868	0.3418803419
4.59038	0.4395604396
4.59208	0.2686202686
4.59378	0.5128205128
4.59548	0.9523809524
4.59718	0.1709401709
4.59888	0.3663003663
4.60058	0.2686202686
4.60228	0.3418803419
4.60398	0.6105006105
4.60568	0.293040293
4.60738	0.7081807082
4.60908	0.2442002442
4.61078	0.3663003663
4.61248	0.5616605617
4.61418	0.7326007326
4.61588	0.8302808303
4.61758	0.8791208791
4.61928	0.6105006105
4.62098	0.7814407814
4.62268	0.4884004884
4.62438	0.3418803419
4.62608	0.3907203907
4.62778	0.3418803419
4.62948	0.8058608059
4.63118	0.6593406593
4.63288	0.7081807082
4.63458	0.8058608059
4.63628	0.6593406593
4.63798	0.7081807082
4.63968	0.6349206349
4.64138	0.7814407814
4.64308	0.757020757
4.64478	0.463980464
4.64648	0.6837606838
4.64818	0.8302808303
4.64988	0.9035409035
4.65158	0.8791208791
4.65328	0.8302808303
4.65498	0.8302808303
4.65668	0.5128205128
4.65838	0.7081807082
4.66008	0.463980464
4.66178	0.5860805861
4.66348	0.2686202686
4.66518	0.1953601954
4.66688	0.293040293
4.66858	0.9523809524
4.67028	0.4395604396
4.67198	0.757020757
4.67368	0.6105006105
4.67538	0.9523809524
4.67708	0.4884004884
4.67878	0.463980464
4.68048	0.8791208791
4.68218	0.9523809524
4.68388	0.8058608059
4.68558	0.2686202686
4.68728	0.5616605617
4.68898	0.8302808303
4.69068	0.7081807082
4.69238	0.7081807082
4.69408	0.8791208791
4.69578	0.463980464
4.69748	0.463980464
4.69918	0.8791208791
4.70088	0.4395604396
4.70258	0.7081807082
4.70428	0.6349206349
4.70598	0.463980464
4.70768	0.6837606838
4.70938	0.4884004884
4.71108	0.757020757
4.71278	0.9768009768
4.71448	0.7326007326
4.71618	0.8547008547
4.71788	0.757020757
4.71958	0.4395604396
4.72128	0.6349206349
4.72298	0.5860805861
4.72468	0.4395604396
4.72638	0.5128205128
4.72808	1.098901099
4.72978	1.05006105
4.73148	0.9035409035
4.73318	0.927960928
4.73488	0.7081807082
4.73658	0.8302808303
4.73828	1.025641026
4.73998	0.3907203907
4.74168	0.757020757
4.74338	0.8058608059
4.74508	0.6593406593
4.74678	0.6837606838
4.74848	0.757020757
4.75018	0.9768009768
4.75188	0.7814407814
4.75358	0.8302808303
4.75528	0.8547008547
4.75698	0.9768009768
4.75868	0.5860805861
4.76038	0.7081807082
4.76208	0.8302808303
4.76378	0.7326007326
4.76548	1.001221001
4.76718	0.9523809524
4.76888	0.7814407814
4.77058	1.172161172
4.77228	1.123321123
4.77398	1.05006105
4.77568	1.001221001
4.77738	0.3907203907
4.77908	0.6105006105
4.78078	0.8302808303
4.78248	0.6837606838
4.78418	1.025641026
4.78588	0.8547008547
4.78758	0.7326007326
4.78928	1.245421245
4.79098	0.9035409035
4.79268	0.6837606838
4.79438	0.9523809524
4.79608	0.9768009768
4.79778	0.9523809524
4.79948	0.8302808303
4.80118	1.147741148
4.80288	1.05006105
4.80458	0.6837606838
4.80628	0.6593406593
4.80798	0.9035409035
4.80968	1.05006105
4.81138	0.7326007326
4.81308	0.9523809524
4.81478	1.074481074
4.81648	1.123321123
4.81818	0.5372405372
4.81988	0.5860805861
4.82158	1.147741148
4.82328	1.001221001
4.82498	1.074481074
4.82668	0.8547008547
4.82838	0.9768009768
4.83008	0.8058608059
4.83178	0.8547008547
4.83348	1.26984127
4.83518	1.001221001
4.83688	1.05006105
4.83858	0.8302808303
4.84028	0.6105006105
4.84198	1.123321123
4.84368	0.8302808303
4.84538	1.001221001
4.84708	1.05006105
4.84878	1.098901099
4.85048	1.343101343
4.85218	1.098901099
4.85388	1.001221001
4.85558	0.9523809524
4.85728	1.221001221
4.85898	0.927960928
4.86068	1.48962149
4.86238	0.8547008547
4.86408	1.074481074
4.86578	1.221001221
4.86748	1.05006105
4.86918	1.48962149
4.87088	1.318681319
4.87258	1.221001221
4.87428	1.587301587
4.87598	1.172161172
4.87768	1.123321123
4.87938	1.196581197
4.88108	1.440781441
4.88278	1.05006105
4.88448	1.318681319
4.88618	1.318681319
4.88788	0.9768009768
4.88958	1.343101343
4.89128	1.26984127
4.89298	1.538461538
4.89468	1.221001221
4.89638	1.294261294
4.89808	1.147741148
4.89978	1.172161172
4.90148	1.196581197
4.90318	1.172161172
4.90488	1.416361416
4.90658	1.465201465
4.90828	1.367521368
4.90998	1.758241758
4.91168	1.636141636
4.91338	1.147741148
4.91508	1.245421245
4.91678	1.440781441
4.91848	1.196581197
4.92018	1.416361416
4.92188	1.025641026
4.92358	1.514041514
4.92528	1.196581197
4.92698	1.001221001
4.92868	1.758241758
4.93038	1.636141636
4.93208	1.391941392
4.93378	1.514041514
4.93548	1.465201465
4.93718	1.147741148
4.93888	1.343101343
4.94058	1.196581197
4.94228	1.172161172
4.94398	1.831501832
4.94568	1.26984127
4.94738	1.514041514
4.94908	1.611721612
4.95078	1.904761905
4.95248	1.367521368
4.95418	1.367521368
4.95588	1.758241758
4.95758	1.245421245
4.95928	1.074481074
4.96098	1.196581197
4.96268	1.587301587
4.96438	1.48962149
4.96608	1.538461538
4.96778	1.587301587
4.96948	1.587301587
4.97118	1.660561661
4.97288	1.636141636
4.97458	1.416361416
4.97628	1.929181929
4.97798	1.562881563
4.97968	1.660561661
4.98138	1.48962149
4.98308	1.48962149
4.98478	1.831501832
4.98648	1.465201465
4.98818	1.538461538
4.98988	1.636141636
4.99158	1.660561661
4.99328	1.172161172
4.99498	1.48962149
4.99668	1.611721612
4.99838	0.8791208791
5.00008	1.660561661
5.00178	1.709401709
5.00348	1.48962149
5.00518	1.587301587
5.00688	1.538461538
5.00858	1.416361416
5.01028	1.611721612
5.01198	1.538461538
5.01368	1.416361416
5.01538	1.709401709
5.01708	1.807081807
5.01878	1.440781441
5.02048	1.196581197
5.02218	1.221001221
5.02388	1.636141636
5.02558	1.587301587
5.02728	1.636141636
5.02898	1.88034188
5.03068	1.611721612
5.03238	1.684981685
5.03408	1.416361416
5.03578	1.807081807
5.03748	1.611721612
5.03918	1.733821734
5.04088	1.562881563
5.04258	1.416361416
5.04428	1.733821734
5.04598	1.416361416
5.04768	1.831501832
5.04938	1.587301587
5.05108	1.904761905
5.05278	1.636141636
5.05448	1.587301587
5.05618	1.709401709
5.05788	1.733821734
5.05958	1.782661783
5.06128	1.514041514
5.06298	1.684981685
5.06468	1.758241758
5.06638	1.367521368
5.06808	1.709401709
5.06978	1.465201465
5.07148	1.807081807
5.07318	1.807081807
5.07488	1.709401709
5.07658	2.075702076
5.07828	1.636141636
5.07998	1.636141636
5.08168	1.660561661
5.08338	1.684981685
5.08508	1.904761905
5.08678	1.953601954
5.08848	2.1001221
5.09018	1.831501832
5.09188	1.855921856
5.09358	1.953601954
5.09528	1.782661783
5.09698	1.831501832
5.09868	0.9035409035
5.10038	1.611721612
5.10208	1.48962149
5.10378	2.075702076
5.10548	1.587301587
5.10718	1.733821734
5.10888	1.978021978
5.11058	1.660561661
5.11228	1.660561661
5.11398	1.538461538
5.11568	2.002442002
5.11738	1.758241758
5.11908	1.611721612
5.12078	1.636141636
5.12248	1.88034188
5.12418	2.344322344
5.12588	1.929181929
5.12758	1.636141636
5.12928	1.733821734
5.13098	1.782661783
5.13268	1.538461538
5.13438	1.416361416
5.13608	1.929181929
5.13778	1.48962149
5.13948	1.636141636
5.14118	1.782661783
5.14288	1.391941392
5.14458	2.026862027
5.14628	1.660561661
5.14798	1.904761905
5.14968	1.782661783
5.15138	1.855921856
5.15308	1.660561661
5.15478	1.758241758
5.15648	1.684981685
5.15818	1.855921856
5.15988	1.587301587
5.16158	1.660561661
5.16328	1.953601954
5.16498	2.075702076
5.16668	1.807081807
5.16838	2.1001221
5.17008	2.1001221
5.17178	2.1001221
5.17348	1.440781441
5.17518	1.831501832
5.17688	2.075702076
5.17858	1.709401709
5.18028	1.587301587
5.18198	1.807081807
5.18368	1.660561661
5.18538	1.807081807
5.18708	1.831501832
5.18878	2.1001221
5.19048	1.782661783
5.19218	1.831501832
5.19388	1.514041514
5.19558	1.88034188
5.19728	2.1001221
5.19898	1.733821734
5.20068	1.611721612
5.20238	1.855921856
5.20408	1.855921856
5.20578	1.88034188
5.20748	1.88034188
5.20918	1.904761905
5.21088	1.904761905
5.21258	2.026862027
5.21428	1.88034188
5.21598	1.48962149
5.21768	1.88034188
5.21938	1.636141636
5.22108	1.88034188
5.22278	2.197802198
5.22448	2.246642247
5.22618	1.758241758
5.22788	1.758241758
5.22958	1.709401709
5.23128	1.978021978
5.23298	1.636141636
5.23468	1.733821734
5.23638	1.660561661
5.23808	1.514041514
5.23978	1.831501832
5.24148	1.782661783
5.24318	1.807081807
5.24488	2.002442002
5.24658	1.758241758
5.24828	2.197802198
5.24998	1.587301587
5.25168	2.002442002
5.25338	1.465201465
5.25508	1.562881563
5.25678	1.88034188
5.25848	1.733821734
5.26018	1.831501832
5.26188	1.758241758
5.26358	2.002442002
5.26528	2.1001221
5.26698	2.1001221
5.26868	2.197802198
5.27038	2.173382173
5.27208	2.124542125
5.27378	1.758241758
5.27548	1.562881563
5.27718	1.953601954
5.27888	1.636141636
5.28058	2.124542125
5.28228	2.124542125
5.28398	1.538461538
5.28568	2.173382173
5.28738	2.002442002
5.28908	2.002442002
5.29078	1.929181929
5.29248	1.782661783
5.29418	1.953601954
5.29588	1.514041514
5.29758	1.88034188
5.29928	1.709401709
5.30098	1.782661783
5.30268	2.075702076
5.30438	2.075702076
5.30608	1.855921856
5.30778	2.026862027
5.30948	1.562881563
5.31118	1.831501832
5.31288	2.026862027
5.31458	1.929181929
5.31628	2.197802198
5.31798	1.953601954
5.31968	1.758241758
5.32138	1.855921856
5.32308	2.222222222
5.32478	2.173382173
5.32648	1.758241758
5.32818	2.002442002
5.32988	1.978021978
5.33158	1.684981685
5.33328	1.904761905
5.33498	1.48962149
5.33668	1.782661783
5.33838	2.075702076
5.34008	1.782661783
5.34178	1.929181929
5.34348	1.929181929
5.34518	2.075702076
5.34688	1.758241758
5.34858	1.978021978
5.35028	2.173382173
5.35198	2.002442002
5.35368	1.929181929
5.35538	1.26984127
5.35708	1.978021978
5.35878	2.075702076
5.36048	1.88034188
5.36218	1.929181929
5.36388	2.051282051
5.36558	1.758241758
5.36728	1.904761905
5.36898	1.978021978
5.37068	2.124542125
5.37238	1.855921856
5.37408	1.782661783
5.37578	1.953601954
5.37748	1.831501832
5.37918	1.904761905
5.38088	1.807081807
5.38258	2.026862027
5.38428	2.442002442
5.38598	2.002442002
5.38768	1.855921856
5.38938	2.075702076
5.39108	1.758241758
5.39278	2.197802198
5.39448	1.562881563
5.39618	2.075702076
5.39788	1.587301587
5.39958	1.978021978
5.40128	1.440781441
5.40298	2.31990232
5.40468	2.124542125
5.40638	2.002442002
5.40808	1.953601954
5.40978	2.075702076
5.41148	1.904761905
5.41318	1.88034188
5.41488	1.587301587
5.41658	1.88034188
5.41828	1.88034188
5.41998	1.953601954
5.42168	1.538461538
5.42338	2.051282051
5.42508	2.173382173
5.42678	2.051282051
5.42848	2.075702076
5.43018	2.026862027
5.43188	2.002442002
5.43358	2.002442002
5.43528	1.318681319
5.43698	2.222222222
5.43868	1.782661783
5.44038	1.831501832
5.44208	1.953601954
5.44378	1.904761905
5.44548	1.48962149
5.44718	2.026862027
5.44888	1.831501832
5.45058	1.904761905
5.45228	1.855921856
5.45398	1.636141636
5.45568	1.758241758
5.45738	2.222222222
5.45908	1.782661783
5.46078	1.88034188
5.46248	1.636141636
5.46418	2.490842491
5.46588	1.929181929
5.46758	2.197802198
5.46928	1.807081807
5.47098	1.904761905
5.47268	1.953601954
5.47438	1.587301587
5.47608	2.002442002
5.47778	1.782661783
5.47948	1.782661783
5.48118	1.88034188
5.48288	2.002442002
5.48458	1.782661783
5.48628	2.148962149
5.48798	1.807081807
5.48968	1.904761905
5.49138	1.611721612
5.49308	1.807081807
5.49478	1.391941392
5.49648	2.002442002
5.49818	1.953601954
5.49988	1.733821734
5.50158	1.758241758
5.50328	1.782661783
5.50498	2.075702076
5.50668	2.051282051
5.50838	1.978021978
5.51008	1.782661783
5.51178	1.831501832
5.51348	1.611721612
5.51518	1.611721612
5.51688	1.758241758
5.51858	1.807081807
5.52028	1.953601954
5.52198	1.758241758
5.52368	2.1001221
5.52538	2.026862027
5.52708	1.758241758
5.52878	1.758241758
5.53048	1.782661783
5.53218	1.611721612
5.53388	1.660561661
5.53558	1.88034188
5.53728	1.807081807
5.53898	2.002442002
5.54068	1.978021978
5.54238	1.953601954
5.54408	2.344322344
5.54578	2.1001221
5.54748	1.807081807
5.54918	2.026862027
5.55088	1.88034188
5.55258	2.002442002
5.55428	1.440781441
5.55598	1.904761905
5.55768	1.953601954
5.55938	2.026862027
5.56108	1.855921856
5.56278	2.173382173
5.56448	2.002442002
5.56618	2.051282051
5.56788	1.709401709
5.56958	2.124542125
5.57128	2.075702076
5.57298	1.88034188
5.57468	1.538461538
5.57638	1.904761905
5.57808	2.148962149
5.57978	1.807081807
5.58148	2.148962149
5.58318	1.978021978
5.58488	2.002442002
5.58658	2.075702076
5.58828	1.684981685
5.58998	1.587301587
5.59168	2.197802198
5.59338	2.1001221
5.59508	1.929181929
5.59678	2.002442002
5.59848	2.051282051
5.60018	2.148962149
5.60188	1.831501832
5.60358	2.31990232
5.60528	2.075702076
5.60698	2.124542125
5.60868	1.953601954
5.61038	1.929181929
5.61208	2.173382173
5.61378	1.855921856
5.61548	1.88034188
5.61718	1.904761905
5.61888	1.978021978
5.62058	2.002442002
5.62228	2.026862027
5.62398	2.368742369
5.62568	2.197802198
5.62738	2.124542125
5.62908	2.002442002
5.63078	1.953601954
5.63248	1.929181929
5.63418	1.831501832
5.63588	1.660561661
5.63758	1.88034188
5.63928	2.075702076
5.64098	2.002442002
5.64268	2.002442002
5.64438	1.88034188
5.64608	2.1001221
5.64778	2.124542125
5.64948	1.587301587
5.65118	2.417582418
5.65288	2.051282051
5.65458	1.929181929
5.65628	1.88034188
5.65798	1.953601954
5.65968	2.246642247
5.66138	2.1001221
5.66308	2.588522589
5.66478	2.075702076
5.66648	2.1001221
5.66818	1.904761905
5.66988	1.831501832
5.67158	2.1001221
5.67328	1.855921856
5.67498	2.271062271
5.67668	2.1001221
5.67838	2.197802198
5.68008	2.002442002
5.68178	1.758241758
5.68348	2.026862027
5.68518	2.222222222
5.68688	2.124542125
5.68858	1.855921856
5.69028	2.1001221
5.69198	1.88034188
5.69368	1.929181929
5.69538	1.684981685
5.69708	1.855921856
5.69878	1.929181929
5.70048	2.442002442
5.70218	1.978021978
5.70388	2.051282051
5.70558	2.197802198
5.70728	2.075702076
5.70898	2.271062271
5.71068	1.904761905
5.71238	2.417582418
5.71408	2.197802198
5.71578	2.197802198
5.71748	1.807081807
5.71918	2.075702076
5.72088	1.904761905
5.72258	2.051282051
5.72428	2.271062271
5.72598	2.246642247
5.72768	2.148962149
5.72938	1.88034188
5.73108	2.173382173
5.73278	2.002442002
5.73448	1.831501832
5.73618	1.953601954
5.73788	2.271062271
5.73958	2.53968254
5.74128	2.002442002
5.74298	1.929181929
5.74468	1.88034188
5.74638	1.953601954
5.74808	1.978021978
5.74978	1.855921856
5.75148	2.246642247
5.75318	2.222222222
5.75488	1.88034188
5.75658	2.148962149
5.75828	2.148962149
5.75998	2.124542125
5.76168	1.978021978
5.76338	2.075702076
5.76508	2.124542125
5.76678	2.271062271
5.76848	1.807081807
5.77018	2.026862027
5.77188	1.978021978
5.77358	2.124542125
5.77528	1.953601954
5.77698	1.953601954
5.77868	2.442002442
5.78038	1.782661783
5.78208	2.002442002
5.78378	2.31990232
5.78548	2.222222222
5.78718	2.051282051
5.78888	2.002442002
5.79058	2.197802198
5.79228	2.1001221
5.79398	1.929181929
5.79568	2.295482295
5.79738	2.222222222
5.79908	2.222222222
5.80078	1.88034188
5.80248	2.002442002
5.80418	2.271062271
5.80588	2.148962149
5.80758	2.417582418
5.80928	2.075702076
5.81098	2.124542125
5.81268	2.222222222
5.81438	2.1001221
5.81608	2.246642247
5.81778	2.246642247
5.81948	2.075702076
5.82118	2.222222222
5.82288	2.31990232
5.82458	2.759462759
5.82628	2.173382173
5.82798	1.88034188
5.82968	1.929181929
5.83138	2.295482295
5.83308	2.002442002
5.83478	2.124542125
5.83648	1.831501832
5.83818	2.246642247
5.83988	2.490842491
5.84158	2.197802198
5.84328	2.466422466
5.84498	1.758241758
5.84668	1.929181929
5.84838	1.978021978
5.85008	2.148962149
5.85178	2.808302808
5.85348	2.222222222
5.85518	2.222222222
5.85688	2.246642247
5.85858	2.197802198
5.86028	2.686202686
5.86198	1.831501832
5.86368	2.393162393
5.86538	2.002442002
5.86708	2.124542125
5.86878	1.855921856
5.87048	1.709401709
5.87218	2.002442002
5.87388	1.904761905
5.87558	2.026862027
5.87728	2.026862027
5.87898	2.564102564
5.88068	2.124542125
5.88238	2.197802198
5.88408	2.124542125
5.88578	1.978021978
5.88748	2.075702076
5.88918	2.148962149
5.89088	2.026862027
5.89258	2.31990232
5.89428	1.88034188
5.89598	1.782661783
5.89768	2.026862027
5.89938	2.31990232
5.90108	1.904761905
5.90278	2.271062271
5.90448	2.148962149
5.90618	2.466422466
5.90788	1.978021978
5.90958	2.051282051
5.91128	2.295482295
5.91298	2.075702076
5.91468	1.953601954
5.91638	2.271062271
5.91808	2.246642247
5.91978	2.783882784
5.92148	2.1001221
5.92318	2.368742369
5.92488	2.051282051
5.92658	2.417582418
5.92828	2.148962149
5.92998	2.124542125
5.93168	2.002442002
5.93338	2.417582418
5.93508	2.051282051
5.93678	2.026862027
5.93848	2.197802198
5.94018	2.344322344
5.94188	2.344322344
5.94358	2.417582418
5.94528	2.173382173
5.94698	2.466422466
5.94868	2.124542125
5.95038	1.733821734
5.95208	1.758241758
5.95378	2.31990232
5.95548	2.417582418
5.95718	1.562881563
5.95888	2.393162393
5.96058	2.1001221
5.96228	2.051282051
5.96398	2.1001221
5.96568	2.148962149
5.96738	2.173382173
5.96908	1.733821734
5.97078	2.026862027
5.97248	1.953601954
5.97418	2.124542125
5.97588	2.075702076
5.97758	2.075702076
5.97928	2.124542125
5.98098	2.368742369
5.98268	2.222222222
5.98438	2.026862027
5.98608	2.026862027
5.98778	2.173382173
5.98948	2.148962149
5.99118	2.197802198
5.99288	2.271062271
5.99458	2.222222222
5.99628	1.929181929
5.99798	2.051282051
5.99968	2.295482295
6.00138	1.831501832
6.00308	2.246642247
6.00478	2.075702076
6.00648	2.637362637
6.00818	2.442002442
6.00988	2.075702076
6.01158	2.515262515
6.01328	1.929181929
6.01498	2.026862027
6.01668	2.148962149
6.01838	2.466422466
6.02008	2.148962149
6.02178	2.53968254
6.02348	2.1001221
6.02518	2.31990232
6.02688	2.197802198
6.02858	1.782661783
6.03028	2.1001221
6.03198	2.271062271
6.03368	2.222222222
6.03538	2.197802198
6.03708	2.051282051
6.03878	2.1001221
6.04048	2.31990232
6.04218	2.490842491
6.04388	2.515262515
6.04558	2.246642247
6.04728	2.197802198
6.04898	2.075702076
6.05068	2.002442002
6.05238	2.051282051
6.05408	2.1001221
6.05578	2.271062271
6.05748	2.246642247
6.05918	2.564102564
6.06088	2.271062271
6.06258	2.466422466
6.06428	2.515262515
6.06598	2.026862027
6.06768	1.807081807
6.06938	2.051282051
6.07108	2.051282051
6.07278	1.684981685
6.07448	2.295482295
6.07618	2.222222222
6.07788	2.466422466
6.07958	2.661782662
6.08128	2.1001221
6.08298	2.442002442
6.08468	1.978021978
6.08638	2.417582418
6.08808	2.31990232
6.08978	1.904761905
6.09148	2.417582418
6.09318	2.075702076
6.09488	2.026862027
6.09658	2.466422466
6.09828	2.759462759
6.09998	2.686202686
6.10168	1.904761905
6.10338	2.661782662
6.10508	2.344322344
6.10678	2.393162393
6.10848	1.538461538
6.11018	1.953601954
6.11188	2.271062271
6.11358	2.026862027
6.11528	2.344322344
6.11698	1.855921856
6.11868	2.173382173
6.12038	2.442002442
6.12208	2.612942613
6.12378	1.978021978
6.12548	2.295482295
6.12718	1.904761905
6.12888	2.1001221
6.13058	1.929181929
6.13228	1.88034188
6.13398	2.124542125
6.13568	2.612942613
6.13738	1.953601954
6.13908	2.271062271
6.14078	2.124542125
6.14248	2.271062271
6.14418	2.271062271
6.14588	2.051282051
6.14758	2.075702076
6.14928	2.002442002
6.15098	2.124542125
6.15268	2.002442002
6.15438	2.442002442
6.15608	2.075702076
6.15778	2.075702076
6.15948	2.002442002
6.16118	2.002442002
6.16288	2.173382173
6.16458	2.002442002
6.16628	1.978021978
6.16798	2.197802198
6.16968	1.953601954
6.17138	2.393162393
6.17308	2.246642247
6.17478	2.31990232
6.17648	2.051282051
6.17818	2.197802198
6.17988	2.344322344
6.18158	2.197802198
6.18328	1.684981685
6.18498	2.124542125
6.18668	2.466422466
6.18838	2.295482295
6.19008	2.490842491
6.19178	2.173382173
6.19348	2.1001221
6.19518	2.417582418
6.19688	2.515262515
6.19858	1.978021978
6.20028	1.88034188
6.20198	2.124542125
6.20368	2.1001221
6.20538	2.368742369
6.20708	2.222222222
6.20878	2.124542125
6.21048	1.953601954
6.21218	2.173382173
6.21388	2.173382173
6.21558	2.246642247
6.21728	2.051282051
6.21898	2.368742369
6.22068	2.344322344
6.22238	2.442002442
6.22408	2.173382173
6.22578	2.588522589
6.22748	2.295482295
6.22918	2.344322344
6.23088	2.002442002
6.23258	2.246642247
6.23428	2.31990232
6.23598	2.124542125
6.23768	2.051282051
6.23938	2.393162393
6.24108	2.612942613
6.24278	2.197802198
6.24448	1.953601954
6.24618	2.173382173
6.24788	2.051282051
6.24958	2.1001221
6.25128	2.197802198
6.25298	2.271062271
6.25468	2.271062271
6.25638	2.31990232
6.25808	2.515262515
6.25978	2.735042735
6.26148	2.197802198
6.26318	2.197802198
6.26488	1.978021978
6.26658	2.368742369
6.26828	2.173382173
6.26998	2.124542125
6.27168	2.368742369
6.27338	2.31990232
6.27508	2.222222222
6.27678	1.88034188
6.27848	2.368742369
6.28018	2.271062271
6.28188	2.393162393
6.28358	1.978021978
6.28528	2.344322344
6.28698	2.1001221
6.28868	2.124542125
6.29038	2.31990232
6.29208	2.271062271
6.29378	2.197802198
6.29548	2.466422466
6.29718	2.075702076
6.29888	2.31990232
6.30058	2.612942613
6.30228	2.466422466
6.30398	2.31990232
6.30568	2.222222222
6.30738	1.978021978
6.30908	2.1001221
6.31078	2.31990232
6.31248	2.1001221
6.31418	2.442002442
6.31588	2.31990232
6.31758	2.222222222
6.31928	2.466422466
6.32098	2.271062271
6.32268	2.31990232
6.32438	2.026862027
6.32608	2.31990232
6.32778	1.929181929
6.32948	2.124542125
6.33118	2.124542125
6.33288	2.612942613
6.33458	2.271062271
6.33628	2.051282051
6.33798	2.588522589
6.33968	2.661782662
6.34138	2.490842491
6.34308	2.295482295
6.34478	2.31990232
6.34648	2.417582418
6.34818	2.148962149
6.34988	2.393162393
6.35158	2.124542125
6.35328	2.271062271
6.35498	2.246642247
6.35668	2.246642247
6.35838	2.490842491
6.36008	2.417582418
6.36178	2.710622711
6.36348	2.148962149
6.36518	2.124542125
6.36688	2.344322344
6.36858	2.173382173
6.37028	2.246642247
6.37198	2.53968254
6.37368	2.197802198
6.37538	2.735042735
6.37708	2.271062271
6.37878	2.197802198
6.38048	2.295482295
6.38218	2.442002442
6.38388	2.197802198
6.38558	2.417582418
6.38728	2.53968254
6.38898	2.222222222
6.39068	2.075702076
6.39238	2.368742369
6.39408	2.246642247
6.39578	2.417582418
6.39748	2.442002442
6.39918	2.393162393
6.40088	2.344322344
6.40258	2.417582418
6.40428	2.368742369
6.40598	1.978021978
6.40768	2.222222222
6.40938	2.442002442
6.41108	2.344322344
6.41278	2.466422466
6.41448	2.979242979
6.41618	2.515262515
6.41788	2.466422466
6.41958	2.368742369
6.42128	2.31990232
6.42298	2.295482295
6.42468	2.1001221
6.42638	2.002442002
6.42808	2.442002442
6.42978	2.124542125
6.43148	2.1001221
6.43318	2.588522589
6.43488	2.637362637
6.43658	2.246642247
6.43828	2.466422466
6.43998	2.31990232
6.44168	2.637362637
6.44338	2.197802198
6.44508	2.295482295
6.44678	2.417582418
6.44848	2.002442002
6.45018	2.490842491
6.45188	2.417582418
6.45358	2.148962149
6.45528	2.564102564
6.45698	2.051282051
6.45868	2.588522589
6.46038	2.417582418
6.46208	2.124542125
6.46378	2.124542125
6.46548	2.612942613
6.46718	2.368742369
6.46888	2.344322344
6.47058	2.124542125
6.47228	2.148962149
6.47398	2.735042735
6.47568	2.442002442
6.47738	2.661782662
6.47908	2.686202686
6.48078	2.490842491
6.48248	2.490842491
6.48418	2.173382173
6.48588	2.466422466
6.48758	2.442002442
6.48928	2.393162393
6.49098	2.612942613
6.49268	2.026862027
6.49438	2.905982906
6.49608	2.442002442
6.49778	2.026862027
6.49948	2.466422466
6.50118	2.417582418
6.50288	2.490842491
6.50458	2.075702076
6.50628	2.148962149
6.50798	2.515262515
6.50968	2.124542125
6.51138	2.417582418
6.51308	2.271062271
6.51478	2.442002442
6.51648	2.124542125
6.51818	2.246642247
6.51988	2.612942613
6.52158	2.417582418
6.52328	2.173382173
6.52498	2.271062271
6.52668	2.637362637
6.52838	2.295482295
6.53008	2.515262515
6.53178	2.271062271
6.53348	2.271062271
6.53518	2.393162393
6.53688	2.637362637
6.53858	2.588522589
6.54028	2.197802198
6.54198	2.588522589
6.54368	2.417582418
6.54538	2.53968254
6.54708	2.393162393
6.54878	2.173382173
6.55048	2.173382173
6.55218	2.368742369
6.55388	2.490842491
6.55558	2.53968254
6.55728	2.564102564
6.55898	2.686202686
6.56068	2.53968254
6.56238	2.612942613
6.56408	2.393162393
6.56578	2.1001221
6.56748	2.393162393
6.56918	2.442002442
6.57088	2.246642247
6.57258	2.466422466
6.57428	2.661782662
6.57598	2.588522589
6.57768	2.442002442
6.57938	2.686202686
6.58108	2.490842491
6.58278	2.173382173
6.58448	2.124542125
6.58618	2.368742369
6.58788	2.271062271
6.58958	2.53968254
6.59128	2.31990232
6.59298	2.564102564
6.59468	2.637362637
6.59638	2.466422466
6.59808	2.344322344
6.59978	2.686202686
6.60148	2.1001221
6.60318	2.612942613
6.60488	2.222222222
6.60658	2.075702076
6.60828	2.246642247
6.60998	2.612942613
6.61168	2.31990232
6.61338	2.271062271
6.61508	2.197802198
6.61678	2.442002442
6.61848	2.588522589
6.62018	2.417582418
6.62188	2.466422466
6.62358	2.686202686
6.62528	2.344322344
6.62698	2.588522589
6.62868	2.686202686
6.63038	2.271062271
6.63208	2.026862027
6.63378	2.832722833
6.63548	2.442002442
6.63718	2.173382173
6.63888	2.344322344
6.64058	2.393162393
6.64228	2.466422466
6.64398	2.173382173
6.64568	2.148962149
6.64738	2.173382173
6.64908	2.344322344
6.65078	2.393162393
6.65248	2.490842491
6.65418	2.637362637
6.65588	2.637362637
6.65758	2.173382173
6.65928	2.417582418
6.66098	2.661782662
6.66268	2.442002442
6.66438	2.124542125
6.66608	2.271062271
6.66778	2.417582418
6.66948	2.490842491
6.67118	2.197802198
6.67288	2.490842491
6.67458	2.735042735
6.67628	2.661782662
6.67798	2.53968254
6.67968	2.31990232
6.68138	2.637362637
6.68308	2.515262515
6.68478	2.393162393
6.68648	2.368742369
6.68818	2.466422466
6.68988	2.197802198
6.69158	2.393162393
6.69328	2.759462759
6.69498	2.661782662
6.69668	2.368742369
6.69838	2.197802198
6.70008	2.637362637
6.70178	2.661782662
6.70348	2.564102564
6.70518	2.173382173
6.70688	2.515262515
6.70858	2.442002442
6.71028	2.686202686
6.71198	2.295482295
6.71368	2.710622711
6.71538	2.515262515
6.71708	2.564102564
6.71878	2.442002442
6.72048	2.222222222
6.72218	2.490842491
6.72388	2.417582418
6.72558	2.271062271
6.72728	2.759462759
6.72898	2.588522589
6.73068	2.637362637
6.73238	2.222222222
6.73408	2.979242979
6.73578	2.271062271
6.73748	2.222222222
6.73918	2.026862027
6.74088	2.490842491
6.74258	2.53968254
6.74428	2.246642247
6.74598	2.1001221
6.74768	2.31990232
6.74938	2.53968254
6.75108	2.197802198
6.75278	2.442002442
6.75448	2.271062271
6.75618	2.31990232
6.75788	2.368742369
6.75958	2.124542125
6.76128	2.832722833
6.76298	2.295482295
6.76468	2.295482295
6.76638	2.222222222
6.76808	2.393162393
6.76978	2.246642247
6.77148	2.051282051
6.77318	2.442002442
6.77488	2.368742369
6.77658	2.246642247
6.77828	2.442002442
6.77998	2.417582418
6.78168	2.417582418
6.78338	2.368742369
6.78508	2.31990232
6.78678	2.442002442
6.78848	2.344322344
6.79018	2.368742369
6.79188	2.026862027
6.79358	2.881562882
6.79528	2.344322344
6.79698	2.344322344
6.79868	2.515262515
6.80038	2.759462759
6.80208	2.368742369
6.80378	2.222222222
6.80548	2.31990232
6.80718	2.246642247
6.80888	2.466422466
6.81058	2.344322344
6.81228	2.515262515
6.81398	2.588522589
6.81568	2.515262515
6.81738	2.417582418
6.81908	2.222222222
6.82078	2.466422466
6.82248	2.832722833
6.82418	2.31990232
6.82588	2.368742369
6.82758	1.904761905
6.82928	2.295482295
6.83098	2.124542125
6.83268	2.31990232
6.83438	2.368742369
6.83608	2.442002442
6.83778	2.344322344
6.83948	2.173382173
6.84118	2.393162393
6.84288	2.075702076
6.84458	1.953601954
6.84628	2.148962149
6.84798	2.148962149
6.84968	2.1001221
6.85138	2.148962149
6.85308	2.466422466
6.85478	2.686202686
6.85648	2.368742369
6.85818	2.466422466
6.85988	2.661782662
6.86158	2.466422466
6.86328	2.148962149
6.86498	2.466422466
6.86668	2.295482295
6.86838	2.173382173
6.87008	2.490842491
6.87178	2.075702076
6.87348	2.368742369
6.87518	2.173382173
6.87688	2.442002442
6.87858	2.002442002
6.88028	2.173382173
6.88198	2.417582418
6.88368	2.271062271
6.88538	2.148962149
6.88708	2.148962149
6.88878	2.222222222
6.89048	2.222222222
6.89218	2.31990232
6.89388	2.417582418
6.89558	2.417582418
6.89728	2.417582418
6.89898	2.564102564
6.90068	2.53968254
6.90238	2.53968254
6.90408	1.807081807
6.90578	2.1001221
6.90748	2.612942613
6.90918	2.393162393
6.91088	2.026862027
6.91258	1.978021978
6.91428	2.31990232
6.91598	2.124542125
6.91768	2.490842491
6.91938	2.222222222
6.92108	2.173382173
6.92278	2.393162393
6.92448	2.368742369
6.92618	2.442002442
6.92788	2.002442002
6.92958	2.466422466
6.93128	2.295482295
6.93298	2.588522589
6.93468	2.442002442
6.93638	2.31990232
6.93808	2.246642247
6.93978	2.222222222
6.94148	2.710622711
6.94318	2.148962149
6.94488	1.807081807
6.94658	2.344322344
6.94828	2.197802198
6.94998	2.295482295
6.95168	1.709401709
6.95338	2.466422466
6.95508	2.173382173
6.95678	2.295482295
6.95848	2.393162393
6.96018	2.564102564
6.96188	2.637362637
6.96358	1.807081807
6.96528	2.393162393
6.96698	2.051282051
6.96868	2.368742369
6.97038	2.393162393
6.97208	2.026862027
6.97378	2.344322344
6.97548	2.417582418
6.97718	2.417582418
6.97888	2.173382173
6.98058	2.124542125
6.98228	2.393162393
6.98398	1.904761905
6.98568	2.442002442
6.98738	1.904761905
6.98908	2.53968254
6.99078	1.904761905
6.99248	2.442002442
6.99418	2.31990232
6.99588	2.368742369
6.99758	2.368742369
6.99928	2.173382173
