Bruker BioSpin GmbH: the minispec
DataType=5
DataLimits=0.03778,6.99928,4096
DataUnit=Time/ms,Intensity/%
c:\program files\bruker the minispec\application pool demo\fid.app
28.09.2024 11:33:36

0.03778	140.4395604
0.03948	141.2210012
0.04118	141.4163614
0.04288	141.1965812
0.04458	141.2942613
0.04628	141.4163614
0.04798	141.4163614
0.04968	141.4163614
0.05138	141.4163614
0.05308	141.4163614
0.05478	141.4163614
0.05648	141.4163614
0.05818	141.4163614
0.05988	141.4163614
0.06158	141.4163614
0.06328	141.4163614
0.06498	141.4163614
0.06668	141.4163614
0.06838	141.4163614
0.07008	141.4163614
0.07178	141.4163614
0.07348	141.4163614
0.07518	141.4163614
0.07688	141.4163614
0.07858	141.4163614
0.08028	141.4163614
0.08198	141.4163614
0.08368	141.4163614
0.08538	141.4163614
0.08708	141.4163614
0.08878	141.4163614
0.09048	141.4163614
0.09218	141.4163614
0.09388	141.4163614
0.09558	141.4163614
0.09728	141.4163614
0.09898	141.4163614
0.10068	141.4163614
0.10238	141.4163614
0.10408	141.4163614
0.10578	141.4163614
0.10748	141.4163614
0.10918	141.4163614
0.11088	141.4163614
0.11258	141.4163614
0.11428	141.4163614
0.11598	141.4163614
0.11768	141.4163614
0.11938	141.4163614
0.12108	141.4163614
0.12278	141.4163614
0.12448	141.4163614
0.12618	141.4163614
0.12788	141.4163614
0.12958	141.4163614
0.13128	141.4163614
0.13298	141.4163614
0.13468	141.4163614
0.13638	141.4163614
0.13808	141.4163614
0.13978	141.4163614
0.14148	141.4163614
0.14318	141.4163614
0.14488	141.4163614
0.14658	141.4163614
0.14828	141.4163614
0.14998	141.4163614
0.15168	141.4163614
0.15338	141.4163614
0.15508	141.4163614
0.15678	141.4163614
0.15848	141.4163614
0.16018	141.4163614
0.16188	141.4163614
0.16358	141.4163614
0.16528	141.4163614
0.16698	141.4163614
0.16868	141.4163614
0.17038	141.4163614
0.17208	141.4163614
0.17378	141.4163614
0.17548	141.4163614
0.17718	141.4163614
0.17888	141.4163614
0.18058	141.4163614
0.18228	141.4163614
0.18398	141.4163614
0.18568	141.4163614
0.18738	141.4163614
0.18908	141.4163614
0.19078	141.4163614
0.19248	141.4163614
0.19418	141.4163614
0.19588	141.4163614
0.19758	141.4163614
0.19928	141.4163614
0.20098	141.4163614
0.20268	141.4163614
0.20438	141.4163614
0.20608	141.4163614
0.20778	141.4163614
0.20948	141.4163614
0.21118	141.4163614
0.21288	141.4163614
0.21458	141.4163614
0.21628	141.4163614
0.21798	141.4163614
0.21968	141.4163614
0.22138	141.4163614
0.22308	141.4163614
0.22478	141.4163614
0.22648	141.4163614
0.22818	141.4163614
0.22988	141.4163614
0.23158	141.4163614
0.23328	141.4163614
0.23498	141.4163614
0.23668	141.4163614
0.23838	141.4163614
0.24008	141.4163614
0.24178	141.4163614
0.24348	141.4163614
0.24518	141.4163614
0.24688	141.4163614
0.24858	141.4163614
0.25028	141.4163614
0.25198	141.4163614
0.25368	141.4163614
0.25538	141.4163614
0.25708	141.4163614
0.25878	141.4163614
0.26048	141.4163614
0.26218	141.4163614
0.26388	141.4163614
0.26558	141.4163614
0.26728	141.4163614
0.26898	141.4163614
0.27068	141.4163614
0.27238	141.4163614
0.27408	141.4163614
0.27578	141.4163614
0.27748	141.4163614
0.27918	141.4163614
0.28088	141.4163614
0.28258	141.4163614
0.28428	141.4163614
0.28598	141.4163614
0.28768	141.4163614
0.28938	141.4163614
0.29108	141.4163614
0.29278	141.4163614
0.29448	141.4163614
0.29618	141.4163614
0.29788	141.4163614
0.29958	141.4163614
0.30128	141.4163614
0.30298	141.4163614
0.30468	141.4163614
0.30638	141.4163614
0.30808	141.4163614
0.30978	141.4163614
0.31148	141.4163614
0.31318	141.4163614
0.31488	141.4163614
0.31658	141.4163614
0.31828	141.4163614
0.31998	141.4163614
0.32168	141.4163614
0.32338	141.4163614
0.32508	141.4163614
0.32678	141.4163614
0.32848	141.4163614
0.33018	141.4163614
0.33188	141.4163614
0.33358	141.4163614
0.33528	141.4163614
0.33698	141.4163614
0.33868	141.4163614
0.34038	141.4163614
0.34208	141.4163614
0.34378	141.4163614
0.34548	141.4163614
0.34718	141.4163614
0.34888	141.4163614
0.35058	141.4163614
0.35228	141.4163614
0.35398	141.4163614
0.35568	141.4163614
0.35738	141.4163614
0.35908	141.4163614
0.36078	141.4163614
0.36248	141.4163614
0.36418	141.4163614
0.36588	141.4163614
0.36758	141.4163614
0.36928	141.4163614
0.37098	141.4163614
0.37268	141.4163614
0.37438	141.4163614
0.37608	141.4163614
0.37778	141.4163614
0.37948	141.4163614
0.38118	141.4163614
0.38288	141.4163614
0.38458	141.4163614
0.38628	141.4163614
0.38798	141.4163614
0.38968	141.4163614
0.39138	141.4163614
0.39308	141.4163614
0.39478	141.4163614
0.39648	141.4163614
0.39818	141.4163614
0.39988	141.4163614
0.40158	141.4163614
0.40328	141.4163614
0.40498	141.4163614
0.40668	141.4163614
0.40838	141.4163614
0.41008	141.4163614
0.41178	141.4163614
0.41348	141.4163614
0.41518	141.4163614
0.41688	141.4163614
0.41858	141.4163614
0.42028	141.4163614
0.42198	141.4163614
0.42368	141.4163614
0.42538	141.4163614
0.42708	141.4163614
0.42878	141.4163614
0.43048	141.4163614
0.43218	141.4163614
0.43388	141.4163614
0.43558	141.4163614
0.43728	141.4163614
0.43898	141.4163614
0.44068	141.4163614
0.44238	141.4163614
0.44408	141.4163614
0.44578	141.4163614
0.44748	141.4163614
0.44918	141.4163614
0.45088	141.4163614
0.45258	141.4163614
0.45428	141.4163614
0.45598	141.4163614
0.45768	141.4163614
0.45938	141.4163614
0.46108	141.4163614
0.46278	141.4163614
0.46448	141.4163614
0.46618	141.4163614
0.46788	141.4163614
0.46958	141.4163614
0.47128	141.4163614
0.47298	141.4163614
0.47468	141.4163614
0.47638	141.4163614
0.47808	141.4163614
0.47978	141.4163614
0.48148	141.4163614
0.48318	141.4163614
0.48488	141.4163614
0.48658	141.4163614
0.48828	141.4163614
0.48998	141.4163614
0.49168	141.4163614
0.49338	141.4163614
0.49508	141.4163614
0.49678	141.4163614
0.49848	141.4163614
0.50018	141.4163614
0.50188	141.4163614
0.50358	141.4163614
0.50528	141.4163614
0.50698	141.4163614
0.50868	141.4163614
0.51038	141.4163614
0.51208	141.4163614
0.51378	141.4163614
0.51548	141.4163614
0.51718	141.4163614
0.51888	141.4163614
0.52058	141.4163614
0.52228	141.4163614
0.52398	141.4163614
0.52568	141.4163614
0.52738	141.4163614
0.52908	141.4163614
0.53078	141.4163614
0.53248	141.4163614
0.53418	141.4163614
0.53588	141.4163614
0.53758	141.4163614
0.53928	141.4163614
0.54098	141.4163614
0.54268	141.4163614
0.54438	141.4163614
0.54608	141.4163614
0.54778	141.4163614
0.54948	141.4163614
0.55118	141.4163614
0.55288	141.4163614
0.55458	141.4163614
0.55628	141.4163614
0.55798	141.4163614
0.55968	141.4163614
0.56138	141.4163614
0.56308	141.4163614
0.56478	141.4163614
0.56648	141.4163614
0.56818	141.4163614
0.56988	141.4163614
0.57158	141.4163614
0.57328	141.4163614
0.57498	141.4163614
0.57668	141.4163614
0.57838	141.4163614
0.58008	141.4163614
0.58178	141.4163614
0.58348	141.4163614
0.58518	141.4163614
0.58688	141.4163614
0.58858	141.4163614
0.59028	141.4163614
0.59198	141.4163614
0.59368	141.4163614
0.59538	141.4163614
0.59708	141.4163614
0.59878	141.4163614
0.60048	141.4163614
0.60218	141.4163614
0.60388	141.4163614
0.60558	141.4163614
0.60728	141.4163614
0.60898	141.4163614
0.61068	141.4163614
0.61238	141.4163614
0.61408	141.4163614
0.61578	141.4163614
0.61748	141.4163614
0.61918	141.4163614
0.62088	141.4163614
0.62258	141.4163614
0.62428	141.4163614
0.62598	141.4163614
0.62768	141.4163614
0.62938	141.4163614
0.63108	141.4163614
0.63278	141.4163614
0.63448	141.4163614
0.63618	141.4163614
0.63788	141.4163614
0.63958	141.4163614
0.64128	141.4163614
0.64298	141.4163614
0.64468	141.4163614
0.64638	141.4163614
0.64808	141.4163614
0.64978	141.4163614
0.65148	141.3675214
0.65318	140.7814408
0.65488	140.4395604
0.65658	140.4395604
0.65828	139.97558
0.65998	139.3406593
0.66168	139.3406593
0.66338	138.8522589
0.66508	138.6324786
0.66678	138.2905983
0.66848	137.8021978
0.67018	137.5091575
0.67188	137.2893773
0.67358	136.5811966
0.67528	136.043956
0.67698	135.9462759
0.67868	135.7020757
0.68038	135.2136752
0.68208	134.9206349
0.68378	134.5543346
0.68548	134.4078144
0.68718	133.8705739
0.68888	133.8217338
0.69058	133.4065934
0.69228	133.0647131
0.69398	132.8937729
0.69568	132.3321123
0.69738	132.1611722
0.69908	131.7216117
0.70078	131.5262515
0.70248	131.1599512
0.70418	130.9401709
0.70588	130.5982906
0.70758	130.1587302
0.70928	129.8656899
0.71098	129.5238095
0.71268	129.5238095
0.71438	128.7912088
0.71608	128.4004884
0.71778	128.4004884
0.71948	127.960928
0.72118	127.3748474
0.72288	127.2039072
0.72458	126.984127
0.72628	126.9108669
0.72798	126.1782662
0.72968	125.7875458
0.73138	125.4945055
0.73308	125.1526252
0.73478	124.5665446
0.73648	124.1514042
0.73818	124.0781441
0.73988	123.7362637
0.74158	123.2967033
0.74328	122.9304029
0.74498	122.5152625
0.74668	122.2710623
0.74838	122.002442
0.75008	121.3675214
0.75178	121.0989011
0.75348	121.3919414
0.75518	120.7081807
0.75688	120.3418803
0.75858	119.8778999
0.76028	119.5604396
0.76198	119.4627595
0.76368	119.0964591
0.76538	118.3638584
0.76708	118.5592186
0.76878	117.5824176
0.77048	117.0695971
0.77218	117.2161172
0.77388	116.5811966
0.77558	116.1660562
0.77728	115.7509158
0.77898	115.8485958
0.78068	115.5067155
0.78238	115.2136752
0.78408	115.3846154
0.78578	114.7496947
0.78748	114.2368742
0.78918	114.1880342
0.79088	113.8461538
0.79258	113.8705739
0.79428	113.2600733
0.79598	112.6251526
0.79768	112.4297924
0.79938	112.3076923
0.80108	111.6971917
0.80278	111.3308913
0.80448	111.3064713
0.80618	110.964591
0.80788	110.5494505
0.80958	110.1831502
0.81128	109.8656899
0.81298	109.5238095
0.81468	109.3772894
0.81638	108.9133089
0.81808	108.4249084
0.81978	108.4737485
0.82148	107.7655678
0.82318	107.6678877
0.82488	107.5702076
0.82658	107.1306471
0.82828	106.6666667
0.82998	106.5445665
0.83168	106.1782662
0.83338	105.6654457
0.83508	105.4700855
0.83678	105.2747253
0.83848	105.2747253
0.84018	104.9328449
0.84188	104.4688645
0.84358	104.2246642
0.84528	104.2002442
0.84698	103.5409035
0.84868	103.2967033
0.85038	103.028083
0.85208	103.003663
0.85378	102.1489621
0.85548	102.1733822
0.85718	101.6117216
0.85888	101.6117216
0.86058	101.4407814
0.86228	100.7814408
0.86398	100.9279609
0.86568	100.4395604
0.86738	100.04884
0.86908	99.58485958
0.87078	99.75579976
0.87248	99.16971917
0.87418	98.85225885
0.87588	98.8034188
0.87758	98.48595849
0.87928	98.02197802
0.88098	97.60683761
0.88268	97.43589744
0.88438	97.43589744
0.88608	96.8986569
0.88778	96.67887668
0.88948	96.33699634
0.89118	96.01953602
0.89288	96.09279609
0.89458	95.50671551
0.89628	95.33577534
0.89798	95.09157509
0.89968	95.09157509
0.90138	94.72527473
0.90308	94.48107448
0.90478	94.35897436
0.90648	93.82173382
0.90818	93.91941392
0.90988	93.16239316
0.91158	93.28449328
0.91328	92.62515263
0.91498	92.33211233
0.91668	91.99023199
0.91838	91.99023199
0.92008	92.11233211
0.92178	91.5018315
0.92348	91.15995116
0.92518	91.08669109
0.92688	90.76923077
0.92858	90.42735043
0.93028	90.15873016
0.93198	90.42735043
0.93368	89.79242979
0.93538	88.98656899
0.93708	89.23076923
0.93878	88.71794872
0.94048	88.79120879
0.94218	88.18070818
0.94388	87.96092796
0.94558	87.74114774
0.94728	87.74114774
0.94898	87.44810745
0.95068	87.00854701
0.95238	86.91086691
0.95408	86.61782662
0.95578	86.4957265
0.95748	86.15384615
0.95918	85.98290598
0.96088	85.27472527
0.96258	85.00610501
0.96428	85.07936508
0.96598	85.03052503
0.96768	84.59096459
0.96938	84.07814408
0.97108	84.05372405
0.97278	84.37118437
0.97448	83.46764347
0.97618	83.76068376
0.97788	82.88156288
0.97958	83.1013431
0.98128	82.56410256
0.98298	82.31990232
0.98468	82.36874237
0.98638	81.88034188
0.98808	81.88034188
0.98978	81.34310134
0.99148	81.36752137
0.99318	80.97680098
0.99488	80.46398046
0.99658	80.51282051
0.99828	79.95115995
0.99998	80
1.00168	79.56043956
1.00338	79.53601954
1.00508	79.36507937
1.00678	79.0964591
1.00848	78.75457875
1.01018	78.48595849
1.01188	78.04639805
1.01358	78.04639805
1.01528	77.65567766
1.01698	77.72893773
1.01868	77.38705739
1.02038	77.16727717
1.02208	76.55677656
1.02378	76.8009768
1.02548	76.58119658
1.02718	76.38583639
1.02888	75.77533578
1.03058	75.36019536
1.03228	75.23809524
1.03398	75.01831502
1.03568	74.74969475
1.03738	74.7008547
1.03908	74.50549451
1.04078	74.38339438
1.04248	74.50549451
1.04418	73.82173382
1.04588	73.47985348
1.04758	73.16239316
1.04928	72.57631258
1.05098	72.64957265
1.05268	72.42979243
1.05438	71.96581197
1.05608	71.94139194
1.05778	71.47741148
1.05948	71.81929182
1.06118	71.64835165
1.06288	71.01343101
1.06458	70.79365079
1.06628	71.30647131
1.06798	70.81807082
1.06968	70.08547009
1.07138	69.74358974
1.07308	69.54822955
1.07478	69.27960928
1.07648	69.27960928
1.07818	69.01098901
1.07988	69.20634921
1.08158	68.79120879
1.08328	68.4981685
1.08498	68.37606838
1.08668	67.98534799
1.08838	68.00976801
1.09008	67.27716728
1.09178	67.32600733
1.09348	66.66666667
1.09518	66.54456654
1.09688	66.27594628
1.09858	66.69108669
1.10028	66.25152625
1.10198	66.08058608
1.10368	65.93406593
1.10538	65.73870574
1.10708	65.56776557
1.10878	64.59096459
1.11048	64.98168498
1.11218	64.68864469
1.11388	64.54212454
1.11558	64.1025641
1.11728	63.71184371
1.11898	63.71184371
1.12068	63.78510379
1.12238	63.15018315
1.12408	63.15018315
1.12578	62.61294261
1.12748	62.39316239
1.12918	62.22222222
1.13088	61.80708181
1.13258	61.83150183
1.13428	61.66056166
1.13598	61.31868132
1.13768	61.12332112
1.13938	61.24542125
1.14108	60.70818071
1.14278	60.53724054
1.14448	60.56166056
1.14618	60.51282051
1.14788	59.68253968
1.14958	59.53601954
1.15128	59.51159951
1.15298	59.41391941
1.15468	59.04761905
1.15638	58.77899878
1.15808	58.70573871
1.15978	58.19291819
1.16148	58.14407814
1.16318	58.29059829
1.16488	57.85103785
1.16658	57.58241758
1.16828	57.43589744
1.16998	56.8009768
1.17168	56.55677656
1.17338	56.63003663
1.17508	56.55677656
1.17678	56.14163614
1.17848	56.06837607
1.18018	55.94627595
1.18188	55.65323565
1.18358	55.55555556
1.18528	55.28693529
1.18698	55.21367521
1.18868	54.48107448
1.19038	54.16361416
1.19208	54.23687424
1.19378	54.13919414
1.19548	54.04151404
1.19718	53.40659341
1.19888	53.67521368
1.20058	53.6019536
1.20228	53.08913309
1.20398	52.84493284
1.20568	52.5030525
1.20738	52.55189255
1.20908	51.79487179
1.21078	52.28327228
1.21248	51.91697192
1.21418	51.86813187
1.21588	51.23321123
1.21758	51.25763126
1.21928	51.18437118
1.22098	50.76923077
1.22268	50.76923077
1.22438	50.76923077
1.22608	49.96336996
1.22778	49.62148962
1.22948	49.84126984
1.23118	49.67032967
1.23288	49.64590965
1.23458	49.03540904
1.23628	48.96214896
1.23798	48.79120879
1.23968	48.79120879
1.24138	48.62026862
1.24308	48.64468864
1.24478	48.35164835
1.24648	47.86324786
1.24818	47.69230769
1.24988	47.54578755
1.25158	47.42368742
1.25328	46.86202686
1.25498	46.64224664
1.25668	46.4957265
1.25838	46.34920635
1.26008	45.95848596
1.26178	46.12942613
1.26348	46.3003663
1.26518	45.86080586
1.26688	45.78754579
1.26858	45.56776557
1.27028	44.68864469
1.27198	45.05494505
1.27368	44.61538462
1.27538	44.66422466
1.27708	44.27350427
1.27878	44.22466422
1.28048	44.12698413
1.28218	43.90720391
1.28388	43.76068376
1.28558	43.27228327
1.28728	43.36996337
1.28898	42.93040293
1.29068	42.68620269
1.29238	42.88156288
1.29408	42.34432234
1.29578	42.05128205
1.29748	42.27106227
1.29918	42.1001221
1.30088	41.63614164
1.30258	41.83150183
1.30428	41.53846154
1.30598	41.61172161
1.30768	41.02564103
1.30938	40.68376068
1.31108	40.63492063
1.31278	40.12210012
1.31448	40.43956044
1.31618	40.04884005
1.31788	39.46275946
1.31958	39.60927961
1.32128	39.78021978
1.32298	39.43833944
1.32468	39.53601954
1.32638	38.8034188
1.32808	38.77899878
1.32978	38.51037851
1.33148	38.63247863
1.33318	38.07081807
1.33488	38.11965812
1.33658	38.07081807
1.33828	37.50915751
1.33998	37.94871795
1.34168	37.24053724
1.34338	37.26495726
1.34508	36.58119658
1.34678	36.72771673
1.34848	36.7032967
1.35018	36.21489621
1.35188	35.7997558
1.35358	36.41025641
1.35528	36.19047619
1.35698	35.6043956
1.35868	35.62881563
1.36038	35.8974359
1.36208	35.38461538
1.36378	34.8962149
1.36548	35.31135531
1.36718	34.99389499
1.36888	34.45665446
1.37058	33.94383394
1.37228	34.33455433
1.37398	33.94383394
1.37568	34.18803419
1.37738	33.67521368
1.37908	33.82173382
1.38078	34.06593407
1.38248	33.38217338
1.38418	33.47985348
1.38588	33.21123321
1.38758	32.74725275
1.38928	33.11355311
1.39098	32.52747253
1.39268	32.72283272
1.39438	32.23443223
1.39608	32.11233211
1.39778	32.06349206
1.39948	32.40537241
1.40118	31.67277167
1.40288	31.72161172
1.40458	31.4041514
1.40628	31.45299145
1.40798	31.03785104
1.40968	30.89133089
1.41138	30.64713065
1.41308	30.81807082
1.41478	30.47619048
1.41648	30.23199023
1.41818	30.37851038
1.41988	30.54945055
1.42158	30.30525031
1.42328	30.15873016
1.42498	29.69474969
1.42668	29.37728938
1.42838	29.08424908
1.43008	29.08424908
1.43178	29.3040293
1.43348	29.01098901
1.43518	28.79120879
1.43688	28.37606838
1.43858	28.42490842
1.44028	28.86446886
1.44198	28.4981685
1.44368	28.47374847
1.44538	28.25396825
1.44708	28.00976801
1.44878	27.64346764
1.45048	27.27716728
1.45218	27.54578755
1.45388	27.54578755
1.45558	27.3015873
1.45728	26.71550672
1.45898	27.35042735
1.46068	26.93528694
1.46238	26.78876679
1.46408	26.81318681
1.46578	26.42246642
1.46748	26.76434676
1.46918	26.25152625
1.47088	25.93406593
1.47258	26.15384615
1.47428	25.68986569
1.47598	25.59218559
1.47768	25.27472527
1.47938	25.83638584
1.48108	25.66544567
1.48278	25.27472527
1.48448	24.93284493
1.48618	24.63980464
1.48788	24.90842491
1.48958	24.32234432
1.49128	24.63980464
1.49298	24.27350427
1.49468	24.63980464
1.49638	24.22466422
1.49808	24.12698413
1.49978	24.54212454
1.50148	24.02930403
1.50318	24.07814408
1.50488	23.63858364
1.50658	23.51648352
1.50828	23.41880342
1.50998	23.05250305
1.51168	23.15018315
1.51338	23.07692308
1.51508	23.12576313
1.51678	22.80830281
1.51848	23.12576313
1.52018	22.66178266
1.52188	22.88156288
1.52358	22.75946276
1.52528	22.71062271
1.52698	22.39316239
1.52868	22.24664225
1.53038	21.97802198
1.53208	21.78266178
1.53378	21.97802198
1.53548	22.36874237
1.53718	21.68498168
1.53888	21.83150183
1.54058	21.75824176
1.54228	21.48962149
1.54398	21.44078144
1.54568	21.46520147
1.54738	21.46520147
1.54908	20.92796093
1.55078	20.43956044
1.55248	20.95238095
1.55418	20.68376068
1.55588	20.48840049
1.55758	20.73260073
1.55928	21.07448107
1.56098	20.9035409
1.56268	20.73260073
1.56438	20.51282051
1.56608	20.41514042
1.56778	20.26862027
1.56948	19.87789988
1.57118	19.85347985
1.57288	19.95115995
1.57458	19.63369963
1.57628	20
1.57798	19.85347985
1.57968	19.85347985
1.58138	19.34065934
1.58308	19.48717949
1.58478	19.29181929
1.58648	19.07203907
1.58818	19.19413919
1.58988	18.68131868
1.59158	18.77899878
1.59328	19.19413919
1.59498	18.8034188
1.59668	18.70573871
1.59838	18.53479853
1.60008	18.92551893
1.60178	18.53479853
1.60348	18.68131868
1.60518	18.36385836
1.60688	18.24175824
1.60858	18.29059829
1.61028	18.02197802
1.61198	17.92429792
1.61368	17.97313797
1.61538	17.997558
1.61708	18.04639805
1.61878	18.14407814
1.62048	18.11965812
1.62218	17.63125763
1.62388	17.75335775
1.62558	17.14285714
1.62728	17.77777778
1.62898	17.38705739
1.63068	16.996337
1.63238	17.38705739
1.63408	17.50915751
1.63578	17.36263736
1.63748	17.06959707
1.63918	17.31379731
1.64088	17.11843712
1.64258	17.11843712
1.64428	16.97191697
1.64598	16.63003663
1.64768	16.7032967
1.64938	16.45909646
1.65108	16.63003663
1.65278	16.33699634
1.65448	16.84981685
1.65618	16.87423687
1.65788	16.21489621
1.65958	16.87423687
1.66128	16.67887668
1.66298	16.53235653
1.66468	16.01953602
1.66638	16.19047619
1.66808	16.06837607
1.66978	16.04395604
1.67148	16.01953602
1.67318	16.11721612
1.67488	16.16605617
1.67658	15.92185592
1.67828	16.04395604
1.67998	15.65323565
1.68168	15.65323565
1.68338	15.7997558
1.68508	15.50671551
1.68678	16.09279609
1.68848	15.55555556
1.69018	15.33577534
1.69188	15.28693529
1.69358	15.18925519
1.69528	15.33577534
1.69698	15.45787546
1.69868	15.26251526
1.70038	15.38461538
1.70208	15.38461538
1.70378	15.21367521
1.70548	14.7985348
1.70718	15.16483516
1.70888	15.01831502
1.71058	14.55433455
1.71228	14.65201465
1.71398	14.94505495
1.71568	15.26251526
1.71738	14.67643468
1.71908	14.94505495
1.72078	14.87179487
1.72248	14.62759463
1.72418	14.50549451
1.72588	14.16361416
1.72758	14.35897436
1.72928	14.28571429
1.73098	14.40781441
1.73268	14.26129426
1.73438	14.43223443
1.73608	14.62759463
1.73778	14.40781441
1.73948	14.21245421
1.74118	14.45665446
1.74288	13.87057387
1.74458	13.82173382
1.74628	14.06593407
1.74798	14.16361416
1.74968	13.84615385
1.75138	13.57753358
1.75308	13.65079365
1.75478	13.89499389
1.75648	14.04151404
1.75818	13.7973138
1.75988	14.04151404
1.76158	13.94383394
1.76328	13.74847375
1.76498	13.28449328
1.76668	13.62637363
1.76838	13.72405372
1.77008	13.40659341
1.77178	13.30891331
1.77348	13.62637363
1.77518	13.18681319
1.77688	13.26007326
1.77858	13.01587302
1.78028	13.23565324
1.78198	13.35775336
1.78368	13.35775336
1.78538	13.06471306
1.78708	13.23565324
1.78878	13.01587302
1.79048	13.06471306
1.79218	13.06471306
1.79388	12.86935287
1.79558	13.21123321
1.79728	13.04029304
1.79898	12.7960928
1.80068	12.77167277
1.80238	13.06471306
1.80408	12.30769231
1.80578	12.57631258
1.80748	12.94261294
1.80918	12.5030525
1.81088	12.16117216
1.81258	12.30769231
1.81428	12.40537241
1.81598	12.45421245
1.81768	12.25885226
1.81938	12.38095238
1.82108	12.55189255
1.82278	12.25885226
1.82448	11.84371184
1.82618	12.21001221
1.82788	12.06349206
1.82958	12.30769231
1.83128	11.91697192
1.83298	12.28327228
1.83468	11.89255189
1.83638	11.86813187
1.83808	11.57509158
1.83978	11.45299145
1.84148	11.99023199
1.84318	11.86813187
1.84488	11.4041514
1.84658	11.67277167
1.84828	11.52625153
1.84998	11.77045177
1.85168	11.13553114
1.85338	11.47741148
1.85508	11.6971917
1.85678	11.57509158
1.85848	11.35531136
1.86018	11.47741148
1.86188	11.23321123
1.86358	11.11111111
1.86528	10.76923077
1.86698	11.28205128
1.86868	10.94017094
1.87038	11.08669109
1.87208	10.96459096
1.87378	11.52625153
1.87548	11.03785104
1.87718	11.18437118
1.87888	10.52503053
1.88058	10.94017094
1.88228	11.28205128
1.88398	10.42735043
1.88568	10.62271062
1.88738	10.96459096
1.88908	10.15873016
1.89078	10.67155067
1.89248	10.5982906
1.89418	10.86691087
1.89588	10.67155067
1.89758	10.89133089
1.89928	10.72039072
1.90098	10.81807082
1.90268	10.15873016
1.90438	10.32967033
1.90608	10.42735043
1.90778	10.4029304
1.90948	10.06105006
1.91118	10.4029304
1.91288	10.23199023
1.91458	10.13431013
1.91628	10.30525031
1.91798	10.25641026
1.91968	9.914529915
1.92138	9.89010989
1.92308	9.865689866
1.92478	9.938949939
1.92648	9.792429792
1.92818	9.768009768
1.92988	9.499389499
1.93158	9.938949939
1.93328	9.719169719
1.93498	9.865689866
1.93668	9.572649573
1.93838	9.694749695
1.94008	9.645909646
1.94178	9.768009768
1.94348	9.914529915
1.94518	9.230769231
1.94688	9.401709402
1.94858	9.328449328
1.95028	9.352869353
1.95198	9.206349206
1.95368	9.450549451
1.95538	9.67032967
1.95708	9.474969475
1.95878	9.010989011
1.96048	9.035409035
1.96218	9.27960928
1.96388	8.986568987
1.96558	9.084249084
1.96728	8.986568987
1.96898	8.791208791
1.97068	8.913308913
1.97238	8.547008547
1.97408	9.377289377
1.97578	9.035409035
1.97748	8.62026862
1.97918	8.791208791
1.98088	9.035409035
1.98258	8.84004884
1.98428	8.547008547
1.98598	8.571428571
1.98768	8.498168498
1.98938	8.498168498
1.99108	8.644688645
1.99278	8.449328449
1.99448	8.815628816
1.99618	8.693528694
1.99788	8.327228327
1.99958	7.814407814
2.00128	8.107448107
2.00298	8.058608059
2.00468	7.960927961
2.00638	8.107448107
2.00808	7.960927961
2.00978	8.107448107
2.01148	8.083028083
2.01318	8.058608059
2.01488	8.205128205
2.01658	7.960927961
2.01828	8.058608059
2.01998	7.960927961
2.02168	8.083028083
2.02338	7.960927961
2.02508	7.765567766
2.02678	7.374847375
2.02848	7.741147741
2.03018	7.716727717
2.03188	7.301587302
2.03358	7.423687424
2.03528	7.838827839
2.03698	7.765567766
2.03868	7.448107448
2.04038	7.008547009
2.04208	7.374847375
2.04378	7.008547009
2.04548	7.252747253
2.04718	7.179487179
2.04888	7.179487179
2.05058	7.448107448
2.05228	6.862026862
2.05398	7.496947497
2.05568	7.252747253
2.05738	6.95970696
2.05908	7.179487179
2.06078	6.886446886
2.06248	7.130647131
2.06418	6.666666667
2.06588	6.349206349
2.06758	6.642246642
2.06928	6.935286935
2.07098	6.715506716
2.07268	6.837606838
2.07438	6.95970696
2.07608	6.910866911
2.07778	6.593406593
2.07948	6.153846154
2.08118	6.056166056
2.08288	6.275946276
2.08458	6.105006105
2.08628	6.129426129
2.08798	6.178266178
2.08968	6.178266178
2.09138	6.324786325
2.09308	5.860805861
2.09478	6.202686203
2.09648	5.811965812
2.09818	5.787545788
2.09988	6.422466422
2.10158	6.031746032
2.10328	6.031746032
2.10498	5.934065934
2.10668	5.616605617
2.10838	5.714285714
2.11008	5.836385836
2.11178	5.836385836
2.11348	5.885225885
2.11518	6.056166056
2.11688	5.641025641
2.11858	5.543345543
2.12028	5.518925519
2.12198	5.68986569
2.12368	5.079365079
2.12538	5.274725275
2.12708	5.152625153
2.12878	5.347985348
2.13048	5.128205128
2.13218	5.128205128
2.13388	5.494505495
2.13558	5.347985348
2.13728	5.396825397
2.13898	5.25030525
2.14068	5.152625153
2.14238	5.274725275
2.14408	5.030525031
2.14578	5.054945055
2.14748	4.664224664
2.14918	5.128205128
2.15088	4.908424908
2.15258	5.128205128
2.15428	5.103785104
2.15598	5.030525031
2.15768	4.884004884
2.15938	5.030525031
2.16108	4.981684982
2.16278	4.664224664
2.16448	4.151404151
2.16618	4.761904762
2.16788	4.85958486
2.16958	4.371184371
2.17128	4.42002442
2.17298	4.85958486
2.17468	4.713064713
2.17638	4.590964591
2.17808	4.42002442
2.17978	4.346764347
2.18148	4.346764347
2.18318	4.175824176
2.18488	4.468864469
2.18658	4.346764347
2.18828	4.371184371
2.18998	4.224664225
2.19168	3.931623932
2.19338	4.078144078
2.19508	4.346764347
2.19678	4.322344322
2.19848	3.98046398
2.20018	4.078144078
2.20188	4.273504274
2.20358	4.371184371
2.20528	4.078144078
2.20698	4.102564103
2.20868	4.297924298
2.21038	3.833943834
2.21208	4.249084249
2.21378	4.029304029
2.21548	3.98046398
2.21718	3.882783883
2.21888	3.736263736
2.22058	3.736263736
2.22228	4.029304029
2.22398	3.614163614
2.22568	3.345543346
2.22738	3.614163614
2.22908	3.58974359
2.23078	3.101343101
2.23248	3.833943834
2.23418	3.98046398
2.23588	3.882783883
2.23758	3.418803419
2.23928	3.418803419
2.24098	2.979242979
2.24268	3.36996337
2.24438	3.125763126
2.24608	3.272283272
2.24778	2.954822955
2.24948	3.321123321
2.25118	3.467643468
2.25288	3.58974359
2.25458	3.15018315
2.25628	3.614163614
2.25798	3.052503053
2.25968	2.979242979
2.26138	2.832722833
2.26308	2.661782662
2.26478	2.905982906
2.26648	2.442002442
2.26818	2.954822955
2.26988	2.808302808
2.27158	2.905982906
2.27328	3.223443223
2.27498	2.93040293
2.27668	2.808302808
2.27838	2.954822955
2.28008	2.612942613
2.28178	2.93040293
2.28348	2.612942613
2.28518	2.759462759
2.28688	2.31990232
2.28858	2.466422466
2.29028	2.832722833
2.29198	2.686202686
2.29368	2.466422466
2.29538	2.857142857
2.29708	3.028083028
2.29878	2.466422466
2.30048	2.222222222
2.30218	2.612942613
2.30388	2.710622711
2.30558	2.197802198
2.30728	2.246642247
2.30898	2.393162393
2.31068	2.588522589
2.31238	2.1001221
2.31408	2.490842491
2.31578	2.246642247
2.31748	2.368742369
2.31918	2.075702076
2.32088	2.002442002
2.32258	2.124542125
2.32428	1.782661783
2.32598	2.124542125
2.32768	2.1001221
2.32938	2.148962149
2.33108	1.978021978
2.33278	2.246642247
2.33448	2.148962149
2.33618	2.173382173
2.33788	2.075702076
2.33958	2.075702076
2.34128	1.929181929
2.34298	1.904761905
2.34468	2.026862027
2.34638	1.831501832
2.34808	2.051282051
2.34978	2.002442002
2.35148	2.148962149
2.35318	1.88034188
2.35488	1.709401709
2.35658	1.953601954
2.35828	2.002442002
2.35998	1.48962149
2.36168	1.48962149
2.36338	1.831501832
2.36508	1.587301587
2.36678	1.562881563
2.36848	1.684981685
2.37018	1.88034188
2.37188	1.465201465
2.37358	1.709401709
2.37528	1.684981685
2.37698	1.587301587
2.37868	1.514041514
2.38038	1.123321123
2.38208	1.562881563
2.38378	1.098901099
2.38548	1.514041514
2.38718	1.221001221
2.38888	1.611721612
2.39058	1.660561661
2.39228	1.636141636
2.39398	1.367521368
2.39568	1.318681319
2.39738	1.514041514
2.39908	0.927960928
2.40078	1.147741148
2.40248	1.074481074
2.40418	0.927960928
2.40588	1.245421245
2.40758	1.221001221
2.40928	1.538461538
2.41098	1.416361416
2.41268	1.26984127
2.41438	1.26984127
2.41608	1.05006105
2.41778	1.26984127
2.41948	0.9523809524
2.42118	0.9035409035
2.42288	0.8547008547
2.42458	0.8791208791
2.42628	0.8791208791
2.42798	1.196581197
2.42968	1.123321123
2.43138	1.05006105
2.43308	0.9035409035
2.43478	1.562881563
2.43648	1.26984127
2.43818	0.7326007326
2.43988	0.9035409035
2.44158	0.6349206349
2.44328	0.8547008547
2.44498	0.7814407814
2.44668	0.8791208791
2.44838	0.9035409035
2.45008	0.8547008547
2.45178	1.05006105
2.45348	0.7814407814
2.45518	0.7326007326
2.45688	1.025641026
2.45858	0.7814407814
2.46028	0.5616605617
2.46198	0.2686202686
2.46368	0.5372405372
2.46538	0.5372405372
2.46708	0.5372405372
2.46878	0.8547008547
2.47048	0.6349206349
2.47218	1.294261294
2.47388	0.6349206349
2.47558	0.5860805861
2.47728	0.5128205128
2.47898	0.3418803419
2.48068	0.463980464
2.48238	0.5616605617
2.48408	1.025641026
2.48578	1.221001221
2.48748	0.5128205128
2.48918	0.5616605617
2.49088	0.3907203907
2.49258	0.5616605617
2.49428	0.6105006105
2.49598	0.463980464
2.49768	0.9523809524
2.49938	0.4395604396
2.50108	0.7081807082
2.50278	0.463980464
2.50448	0.5860805861
2.50618	0.5616605617
2.50788	0.7081807082
2.50958	0.6837606838
2.51128	0.757020757
2.51298	1.074481074
2.51468	0.09768009768
2.51638	0.4151404151
2.51808	0.5616605617
2.51978	0.6105006105
2.52148	0.7081807082
2.52318	0.6593406593
2.52488	1.221001221
2.52658	0.9523809524
2.52828	0.5372405372
2.52998	1.074481074
2.53168	1.025641026
2.53338	0.3663003663
2.53508	0.3663003663
2.53678	0.7326007326
2.53848	0.5372405372
2.54018	1.001221001
2.54188	0.8302808303
2.54358	1.172161172
2.54528	1.318681319
2.54698	0.9523809524
2.54868	0.8302808303
2.55038	0.5860805861
2.55208	1.074481074
2.55378	0.4884004884
2.55548	0.7081807082
2.55718	0.5128205128
2.55888	0.757020757
2.56058	1.074481074
2.56228	1.05006105
2.56398	1.391941392
2.56568	1.123321123
2.56738	1.123321123
2.56908	0.927960928
2.57078	0.5616605617
2.57248	0.8302808303
2.57418	0.927960928
2.57588	1.123321123
2.57758	0.9035409035
2.57928	1.123321123
2.58098	1.294261294
2.58268	1.26984127
2.58438	1.26984127
2.58608	1.001221001
2.58778	1.074481074
2.58948	1.098901099
2.59118	0.9768009768
2.59288	1.123321123
2.59458	1.074481074
2.59628	1.05006105
2.59798	1.318681319
2.59968	1.172161172
2.60138	1.172161172
2.60308	1.294261294
2.60478	1.26984127
2.60648	1.465201465
2.60818	1.343101343
2.60988	1.440781441
2.61158	1.514041514
2.61328	1.562881563
2.61498	1.245421245
2.61668	1.172161172
2.61838	1.294261294
2.62008	1.684981685
2.62178	1.318681319
2.62348	1.807081807
2.62518	1.562881563
2.62688	1.538461538
2.62858	1.343101343
2.63028	1.367521368
2.63198	1.294261294
2.63368	1.538461538
2.63538	1.538461538
2.63708	1.465201465
2.63878	1.636141636
2.64048	1.416361416
2.64218	1.391941392
2.64388	1.855921856
2.64558	1.733821734
2.64728	1.929181929
2.64898	1.562881563
2.65068	1.514041514
2.65238	1.733821734
2.65408	1.782661783
2.65578	1.440781441
2.65748	1.684981685
2.65918	2.1001221
2.66088	2.124542125
2.66258	1.318681319
2.66428	1.807081807
2.66598	1.855921856
2.66768	1.782661783
2.66938	1.48962149
2.67108	1.782661783
2.67278	1.855921856
2.67448	1.904761905
2.67618	2.075702076
2.67788	1.611721612
2.67958	2.002442002
2.68128	2.124542125
2.68298	1.953601954
2.68468	2.075702076
2.68638	2.222222222
2.68808	2.173382173
2.68978	1.953601954
2.69148	2.31990232
2.69318	2.051282051
2.69488	1.709401709
2.69658	1.636141636
2.69828	2.271062271
2.69998	2.222222222
2.70168	2.222222222
2.70338	2.515262515
2.70508	2.148962149
2.70678	2.31990232
2.70848	2.173382173
2.71018	1.636141636
2.71188	2.442002442
2.71358	2.442002442
2.71528	2.1001221
2.71698	2.344322344
2.71868	2.002442002
2.72038	2.295482295
2.72208	2.173382173
2.72378	2.368742369
2.72548	2.368742369
2.72718	2.344322344
2.72888	2.026862027
2.73058	2.31990232
2.73228	2.368742369
2.73398	2.197802198
2.73568	2.246642247
2.73738	2.124542125
2.73908	2.564102564
2.74078	2.612942613
2.74248	2.222222222
2.74418	2.295482295
2.74588	2.588522589
2.74758	2.881562882
2.74928	2.002442002
2.75098	2.31990232
2.75268	2.588522589
2.75438	2.686202686
2.75608	2.173382173
2.75778	2.393162393
2.75948	2.442002442
2.76118	2.612942613
2.76288	2.564102564
2.76458	2.735042735
2.76628	2.564102564
2.76798	2.808302808
2.76968	2.393162393
2.77138	2.295482295
2.77308	2.368742369
2.77478	2.881562882
2.77648	2.905982906
2.77818	2.881562882
2.77988	2.490842491
2.78158	3.296703297
2.78328	2.783882784
2.78498	2.53968254
2.78668	2.857142857
2.78838	2.783882784
2.79008	2.832722833
2.79178	2.954822955
2.79348	3.003663004
2.79518	2.832722833
2.79688	2.661782662
2.79858	2.905982906
2.80028	2.881562882
2.80198	3.174603175
2.80368	3.003663004
2.80538	3.003663004
2.80708	3.125763126
2.80878	3.076923077
2.81048	2.612942613
2.81218	2.979242979
2.81388	2.905982906
2.81558	3.003663004
2.81728	3.076923077
2.81898	2.93040293
2.82068	2.979242979
2.82238	2.979242979
2.82408	2.881562882
2.82578	3.345543346
2.82748	2.808302808
2.82918	2.735042735
2.83088	3.052503053
2.83258	3.394383394
2.83428	3.345543346
2.83598	3.272283272
2.83768	3.614163614
2.83938	3.052503053
2.84108	3.467643468
2.84278	3.174603175
2.84448	3.15018315
2.84618	3.321123321
2.84788	3.321123321
2.84958	2.759462759
2.85128	2.905982906
2.85298	3.028083028
2.85468	3.052503053
2.85638	3.36996337
2.85808	3.296703297
2.85978	3.418803419
2.86148	3.345543346
2.86318	3.638583639
2.86488	3.418803419
2.86658	3.565323565
2.86828	3.858363858
2.86998	3.028083028
2.87168	3.321123321
2.87338	3.418803419
2.87508	3.467643468
2.87678	3.614163614
2.87848	3.614163614
2.88018	3.931623932
2.88188	3.516483516
2.88358	3.516483516
2.88528	3.540903541
2.88698	3.565323565
2.88868	3.394383394
2.89038	3.174603175
2.89208	3.223443223
2.89378	3.272283272
2.89548	3.467643468
2.89718	3.687423687
2.89888	3.443223443
2.90058	3.58974359
2.90228	3.272283272
2.90398	3.833943834
2.90568	3.833943834
2.90738	3.418803419
2.90908	3.516483516
2.91078	3.467643468
2.91248	3.711843712
2.91418	3.418803419
2.91588	3.296703297
2.91758	3.052503053
2.91928	4.175824176
2.92098	3.663003663
2.92268	3.516483516
2.92438	3.785103785
2.92608	3.711843712
2.92778	3.907203907
2.92948	3.36996337
2.93118	3.638583639
2.93288	3.467643468
2.93458	3.760683761
2.93628	3.760683761
2.93798	3.785103785
2.93968	3.760683761
2.94138	3.785103785
2.94308	3.882783883
2.94478	3.736263736
2.94648	3.858363858
2.94818	3.882783883
2.94988	4.053724054
2.95158	3.663003663
2.95328	3.492063492
2.95498	3.931623932
2.95668	4.297924298
2.95838	3.98046398
2.96008	3.98046398
2.96178	3.80952381
2.96348	3.638583639
2.96518	3.760683761
2.96688	3.907203907
2.96858	4.053724054
2.97028	3.833943834
2.97198	3.711843712
2.97368	3.882783883
2.97538	3.882783883
2.97708	4.126984127
2.97878	3.785103785
2.98048	4.273504274
2.98218	4.053724054
2.98388	3.956043956
2.98558	3.833943834
2.98728	3.98046398
2.98898	4.053724054
2.99068	3.882783883
2.99238	4.249084249
2.99408	4.2002442
2.99578	3.956043956
2.99748	3.80952381
2.99918	4.249084249
3.00088	4.053724054
3.00258	4.029304029
3.00428	4.2002442
3.00598	3.687423687
3.00768	3.80952381
3.00938	4.004884005
3.01108	4.371184371
3.01278	4.029304029
3.01448	3.956043956
3.01618	4.297924298
3.01788	4.004884005
3.01958	4.078144078
3.02128	4.42002442
3.02298	3.956043956
3.02468	4.053724054
3.02638	4.2002442
3.02808	4.004884005
3.02978	3.492063492
3.03148	3.833943834
3.03318	4.102564103
3.03488	4.126984127
3.03658	4.249084249
3.03828	4.175824176
3.03998	4.175824176
3.04168	4.322344322
3.04338	4.273504274
3.04508	3.98046398
3.04678	4.224664225
3.04848	3.98046398
3.05018	3.833943834
3.05188	3.956043956
3.05358	3.785103785
3.05528	4.249084249
3.05698	3.565323565
3.05868	4.297924298
3.06038	4.444444444
3.06208	4.371184371
3.06378	4.004884005
3.06548	4.273504274
3.06718	4.346764347
3.06888	3.858363858
3.07058	4.249084249
3.07228	4.2002442
3.07398	4.053724054
3.07568	4.249084249
3.07738	4.078144078
3.07908	4.224664225
3.08078	4.175824176
3.08248	4.395604396
3.08418	3.931623932
3.08588	3.956043956
3.08758	4.053724054
3.08928	3.858363858
3.09098	3.736263736
3.09268	3.858363858
3.09438	3.98046398
3.09608	4.2002442
3.09778	3.98046398
3.09948	3.882783883
3.10118	4.053724054
3.10288	4.249084249
3.10458	4.102564103
3.10628	4.42002442
3.10798	4.004884005
3.10968	4.224664225
3.11138	4.053724054
3.11308	4.078144078
3.11478	4.517704518
3.11648	4.2002442
3.11818	4.2002442
3.11988	4.566544567
3.12158	4.224664225
3.12328	4.004884005
3.12498	3.760683761
3.12668	3.956043956
3.12838	3.956043956
3.13008	4.078144078
3.13178	4.053724054
3.13348	4.224664225
3.13518	4.249084249
3.13688	4.273504274
3.13858	4.395604396
3.14028	4.297924298
3.14198	4.126984127
3.14368	4.102564103
3.14538	4.078144078
3.14708	4.346764347
3.14878	4.224664225
3.15048	4.151404151
3.15218	4.175824176
3.15388	4.273504274
3.15558	4.126984127
3.15728	4.151404151
3.15898	4.004884005
3.16068	4.517704518
3.16238	4.175824176
3.16408	4.175824176
3.16578	4.224664225
3.16748	4.053724054
3.16918	3.711843712
3.17088	4.126984127
3.17258	3.956043956
3.17428	4.151404151
3.17598	4.224664225
3.17768	4.029304029
3.17938	4.395604396
3.18108	4.126984127
3.18278	4.151404151
3.18448	4.371184371
3.18618	4.078144078
3.18788	4.175824176
3.18958	4.078144078
3.19128	3.833943834
3.19298	4.102564103
3.19468	4.151404151
3.19638	3.956043956
3.19808	4.029304029
3.19978	4.371184371
3.20148	4.102564103
3.20318	4.42002442
3.20488	3.833943834
3.20658	4.029304029
3.20828	4.078144078
3.20998	3.858363858
3.21168	4.395604396
3.21338	4.126984127
3.21508	4.151404151
3.21678	3.785103785
3.21848	4.371184371
3.22018	4.371184371
3.22188	4.126984127
3.22358	4.029304029
3.22528	4.346764347
3.22698	4.078144078
3.22868	3.736263736
3.23038	3.882783883
3.23208	3.858363858
3.23378	4.078144078
3.23548	4.273504274
3.23718	4.029304029
3.23888	4.102564103
3.24058	3.98046398
3.24228	4.151404151
3.24398	4.126984127
3.24568	4.053724054
3.24738	4.517704518
3.24908	4.053724054
3.25078	4.004884005
3.25248	3.833943834
3.25418	3.80952381
3.25588	4.224664225
3.25758	3.858363858
3.25928	3.687423687
3.26098	4.249084249
3.26268	3.907203907
3.26438	3.931623932
3.26608	3.907203907
3.26778	3.638583639
3.26948	4.078144078
3.27118	3.833943834
3.27288	3.492063492
3.27458	4.053724054
3.27628	3.931623932
3.27798	3.98046398
3.27968	4.053724054
3.28138	4.102564103
3.28308	4.175824176
3.28478	3.638583639
3.28648	3.565323565
3.28818	4.029304029
3.28988	3.638583639
3.29158	3.907203907
3.29328	3.785103785
3.29498	4.126984127
3.29668	3.98046398
3.29838	4.175824176
3.30008	4.053724054
3.30178	3.882783883
3.30348	4.2002442
3.30518	3.736263736
3.30688	3.931623932
3.30858	4.004884005
3.31028	3.663003663
3.31198	3.907203907
3.31368	4.004884005
3.31538	3.956043956
3.31708	3.760683761
3.31878	4.102564103
3.32048	4.029304029
3.32218	3.931623932
3.32388	3.833943834
3.32558	3.98046398
3.32728	4.004884005
3.32898	3.833943834
3.33068	3.736263736
3.33238	3.80952381
3.33408	4.078144078
3.33578	3.785103785
3.33748	3.882783883
3.33918	3.711843712
3.34088	3.760683761
3.34258	4.249084249
3.34428	3.98046398
3.34598	3.492063492
3.34768	3.858363858
3.34938	3.58974359
3.35108	3.58974359
3.35278	3.540903541
3.35448	4.126984127
3.35618	3.540903541
3.35788	4.004884005
3.35958	3.565323565
3.36128	3.711843712
3.36298	3.956043956
3.36468	3.711843712
3.36638	3.80952381
3.36808	3.785103785
3.36978	3.516483516
3.37148	3.736263736
3.37318	3.492063492
3.37488	4.249084249
3.37658	3.614163614
3.37828	3.663003663
3.37998	3.80952381
3.38168	3.687423687
3.38338	3.663003663
3.38508	3.321123321
3.38678	3.58974359
3.38848	3.394383394
3.39018	3.736263736
3.39188	3.418803419
3.39358	3.80952381
3.39528	3.711843712
3.39698	3.638583639
3.39868	3.492063492
3.40038	3.467643468
3.40208	3.956043956
3.40378	3.760683761
3.40548	3.516483516
3.40718	3.58974359
3.40888	3.882783883
3.41058	3.58974359
3.41228	3.443223443
3.41398	4.102564103
3.41568	3.882783883
3.41738	3.711843712
3.41908	3.565323565
3.42078	3.638583639
3.42248	3.663003663
3.42418	3.443223443
3.42588	3.101343101
3.42758	3.223443223
3.42928	4.004884005
3.43098	3.614163614
3.43268	3.540903541
3.43438	3.565323565
3.43608	3.711843712
3.43778	3.736263736
3.43948	3.247863248
3.44118	3.540903541
3.44288	3.80952381
3.44458	3.296703297
3.44628	3.540903541
3.44798	3.614163614
3.44968	3.443223443
3.45138	3.663003663
3.45308	3.833943834
3.45478	3.58974359
3.45648	3.687423687
3.45818	3.785103785
3.45988	3.467643468
3.46158	3.565323565
3.46328	3.516483516
3.46498	3.443223443
3.46668	3.467643468
3.46838	3.565323565
3.47008	3.760683761
3.47178	3.638583639
3.47348	4.029304029
3.47518	3.882783883
3.47688	3.663003663
3.47858	3.540903541
3.48028	3.687423687
3.48198	3.882783883
3.48368	3.516483516
3.48538	3.174603175
3.48708	3.638583639
3.48878	3.467643468
3.49048	3.492063492
3.49218	3.321123321
3.49388	3.638583639
3.49558	3.663003663
3.49728	3.736263736
3.49898	3.614163614
3.50068	3.565323565
3.50238	3.80952381
3.50408	3.516483516
3.50578	3.736263736
3.50748	3.565323565
3.50918	3.296703297
3.51088	3.58974359
3.51258	3.174603175
3.51428	3.711843712
3.51598	3.418803419
3.51768	3.663003663
3.51938	3.540903541
3.52108	3.540903541
3.52278	3.663003663
3.52448	3.199023199
3.52618	3.272283272
3.52788	3.418803419
3.52958	3.174603175
3.53128	3.443223443
3.53298	3.467643468
3.53468	3.858363858
3.53638	3.58974359
3.53808	3.614163614
3.53978	3.687423687
3.54148	3.418803419
3.54318	2.979242979
3.54488	3.125763126
3.54658	3.663003663
3.54828	3.516483516
3.54998	3.711843712
3.55168	3.174603175
3.55338	3.760683761
3.55508	3.614163614
3.55678	3.663003663
3.55848	3.736263736
3.56018	3.467643468
3.56188	4.078144078
3.56358	3.36996337
3.56528	3.418803419
3.56698	3.345543346
3.56868	3.36996337
3.57038	3.467643468
3.57208	3.418803419
3.57378	3.272283272
3.57548	3.443223443
3.57718	3.36996337
3.57888	3.443223443
3.58058	3.174603175
3.58228	3.663003663
3.58398	3.492063492
3.58568	3.321123321
3.58738	3.272283272
3.58908	3.492063492
3.59078	3.565323565
3.59248	3.199023199
3.59418	3.540903541
3.59588	3.443223443
3.59758	3.540903541
3.59928	3.296703297
3.60098	3.247863248
3.60268	3.345543346
3.60438	2.954822955
3.60608	3.223443223
3.60778	3.418803419
3.60948	3.345543346
3.61118	3.711843712
3.61288	3.247863248
3.61458	3.540903541
3.61628	3.36996337
3.61798	2.759462759
3.61968	3.296703297
3.62138	3.296703297
3.62308	3.614163614
3.62478	3.58974359
3.62648	3.174603175
3.62818	3.443223443
3.62988	3.394383394
3.63158	3.565323565
3.63328	3.394383394
3.63498	3.443223443
3.63668	3.443223443
3.63838	3.540903541
3.64008	3.247863248
3.64178	3.394383394
3.64348	3.125763126
3.64518	3.223443223
3.64688	3.296703297
3.64858	3.076923077
3.65028	3.492063492
3.65198	3.052503053
3.65368	3.565323565
3.65538	3.565323565
3.65708	3.711843712
3.65878	3.418803419
3.66048	3.101343101
3.66218	3.272283272
3.66388	3.321123321
3.66558	3.101343101
3.66728	3.467643468
3.66898	3.492063492
3.67068	3.247863248
3.67238	3.321123321
3.67408	3.418803419
3.67578	3.345543346
3.67748	3.663003663
3.67918	3.272283272
3.68088	3.223443223
3.68258	3.345543346
3.68428	3.174603175
3.68598	2.954822955
3.68768	3.296703297
3.68938	3.003663004
3.69108	3.443223443
3.69278	3.076923077
3.69448	3.394383394
3.69618	3.296703297
3.69788	3.223443223
3.69958	3.052503053
3.70128	3.540903541
3.70298	3.467643468
3.70468	3.247863248
3.70638	2.857142857
3.70808	3.467643468
3.70978	3.345543346
3.71148	3.199023199
3.71318	3.394383394
3.71488	3.125763126
3.71658	3.296703297
3.71828	3.36996337
3.71998	3.125763126
3.72168	3.272283272
3.72338	3.174603175
3.72508	2.905982906
3.72678	3.076923077
3.72848	2.832722833
3.73018	3.36996337
3.73188	2.735042735
3.73358	3.345543346
3.73528	3.516483516
3.73698	3.394383394
3.73868	3.247863248
3.74038	3.199023199
3.74208	3.174603175
3.74378	3.223443223
3.74548	2.93040293
3.74718	3.418803419
3.74888	3.565323565
3.75058	3.394383394
3.75228	3.101343101
3.75398	3.15018315
3.75568	3.36996337
3.75738	3.101343101
3.75908	3.247863248
3.76078	3.174603175
3.76248	3.199023199
3.76418	2.979242979
3.76588	3.223443223
3.76758	3.345543346
3.76928	3.076923077
3.77098	3.15018315
3.77268	3.052503053
3.77438	3.345543346
3.77608	3.15018315
3.77778	3.003663004
3.77948	3.36996337
3.78118	3.101343101
3.78288	3.296703297
3.78458	3.174603175
3.78628	3.174603175
3.78798	3.101343101
3.78968	3.296703297
3.79138	3.076923077
3.79308	3.223443223
3.79478	3.15018315
3.79648	3.076923077
3.79818	3.443223443
3.79988	3.443223443
3.80158	3.443223443
3.80328	3.003663004
3.80498	2.857142857
3.80668	2.979242979
3.80838	3.125763126
3.81008	3.36996337
3.81178	2.588522589
3.81348	3.345543346
3.81518	3.223443223
3.81688	3.003663004
3.81858	3.199023199
3.82028	3.345543346
3.82198	2.905982906
3.82368	2.808302808
3.82538	3.052503053
3.82708	3.052503053
3.82878	2.857142857
3.83048	3.199023199
3.83218	3.052503053
3.83388	3.296703297
3.83558	2.954822955
3.83728	2.759462759
3.83898	2.53968254
3.84068	2.588522589
3.84238	2.661782662
3.84408	2.490842491
3.84578	2.979242979
3.84748	2.710622711
3.84918	3.247863248
3.85088	2.783882784
3.85258	3.076923077
3.85428	2.857142857
3.85598	2.808302808
3.85768	2.759462759
3.85938	2.93040293
3.86108	2.661782662
3.86278	2.661782662
3.86448	2.490842491
3.86618	2.905982906
3.86788	2.857142857
3.86958	2.905982906
3.87128	3.076923077
3.87298	2.735042735
3.87468	3.028083028
3.87638	2.393162393
3.87808	2.881562882
3.87978	2.612942613
3.88148	3.003663004
3.88318	2.979242979
3.88488	2.686202686
3.88658	2.661782662
3.88828	2.735042735
3.88998	3.125763126
3.89168	2.417582418
3.89338	2.710622711
3.89508	2.881562882
3.89678	3.028083028
3.89848	3.028083028
3.90018	2.466422466
3.90188	2.759462759
3.90358	2.466422466
3.90528	2.466422466
3.90698	2.783882784
3.90868	2.905982906
3.91038	2.661782662
3.91208	2.393162393
3.91378	2.612942613
3.91548	2.808302808
3.91718	3.076923077
3.91888	2.564102564
3.92058	2.588522589
3.92228	2.954822955
3.92398	2.612942613
3.92568	2.295482295
3.92738	2.442002442
3.92908	2.417582418
3.93078	2.881562882
3.93248	2.53968254
3.93418	2.661782662
3.93588	2.759462759
3.93758	2.637362637
3.93928	2.344322344
3.94098	2.588522589
3.94268	2.490842491
3.94438	2.295482295
3.94608	2.368742369
3.94778	2.393162393
3.94948	2.612942613
3.95118	2.710622711
3.95288	2.344322344
3.95458	2.759462759
3.95628	2.564102564
3.95798	2.442002442
3.95968	2.271062271
3.96138	2.344322344
3.96308	2.466422466
3.96478	2.710622711
3.96648	2.1001221
3.96818	2.246642247
3.96988	2.612942613
3.97158	2.661782662
3.97328	2.661782662
3.97498	2.246642247
3.97668	2.442002442
3.97838	2.295482295
3.98008	2.588522589
3.98178	2.564102564
3.98348	2.246642247
3.98518	2.637362637
3.98688	2.393162393
3.98858	2.344322344
3.99028	2.612942613
3.99198	2.393162393
3.99368	2.197802198
3.99538	2.759462759
3.99708	2.31990232
3.99878	2.295482295
4.00048	2.222222222
4.00218	2.148962149
4.00388	1.929181929
4.00558	2.246642247
4.00728	2.466422466
4.00898	2.393162393
4.01068	2.173382173
4.01238	1.855921856
4.01408	2.53968254
4.01578	2.832722833
4.01748	2.515262515
4.01918	2.466422466
4.02088	2.295482295
4.02258	2.31990232
4.02428	2.271062271
4.02598	2.295482295
4.02768	2.31990232
4.02938	2.197802198
4.03108	2.197802198
4.03278	2.197802198
4.03448	2.197802198
4.03618	2.026862027
4.03788	2.295482295
4.03958	1.831501832
4.04128	2.197802198
4.04298	2.197802198
4.04468	2.075702076
4.04638	2.051282051
4.04808	2.271062271
4.04978	2.515262515
4.05148	2.222222222
4.05318	1.978021978
4.05488	1.929181929
4.05658	2.490842491
4.05828	2.295482295
4.05998	1.782661783
4.06168	1.978021978
4.06338	1.904761905
4.06508	2.222222222
4.06678	1.831501832
4.06848	2.075702076
4.07018	2.124542125
4.07188	1.929181929
4.07358	2.466422466
4.07528	2.31990232
4.07698	2.002442002
4.07868	1.855921856
4.08038	1.831501832
4.08208	2.442002442
4.08378	1.636141636
4.08548	1.978021978
4.08718	1.733821734
4.08888	2.124542125
4.09058	2.197802198
4.09228	1.782661783
4.09398	1.904761905
4.09568	2.222222222
4.09738	2.393162393
4.09908	1.733821734
4.10078	1.660561661
4.10248	1.855921856
4.10418	1.636141636
4.10588	1.855921856
4.10758	1.709401709
4.10928	2.026862027
4.11098	2.026862027
4.11268	1.88034188
4.11438	1.855921856
4.11608	1.709401709
4.11778	1.953601954
4.11948	1.807081807
4.12118	1.660561661
4.12288	1.782661783
4.12458	1.758241758
4.12628	2.051282051
4.12798	1.660561661
4.12968	1.758241758
4.13138	2.197802198
4.13308	1.684981685
4.13478	1.807081807
4.13648	2.002442002
4.13818	1.587301587
4.13988	1.416361416
4.14158	1.611721612
4.14328	1.660561661
4.14498	1.611721612
4.14668	1.538461538
4.14838	1.587301587
4.15008	1.391941392
4.15178	1.440781441
4.15348	1.831501832
4.15518	1.660561661
4.15688	1.855921856
4.15858	1.318681319
4.16028	1.611721612
4.16198	1.709401709
4.16368	1.611721612
4.16538	1.562881563
4.16708	1.660561661
4.16878	1.782661783
4.17048	1.782661783
4.17218	1.709401709
4.17388	1.660561661
4.17558	1.709401709
4.17728	1.221001221
4.17898	1.465201465
4.18068	1.343101343
4.18238	1.440781441
4.18408	1.025641026
4.18578	1.391941392
4.18748	1.26984127
4.18918	1.48962149
4.19088	1.709401709
4.19258	1.343101343
4.19428	1.684981685
4.19598	1.709401709
4.19768	1.733821734
4.19938	1.294261294
4.20108	1.318681319
4.20278	1.465201465
4.20448	1.343101343
4.20618	1.26984127
4.20788	1.221001221
4.20958	1.294261294
4.21128	1.391941392
4.21298	1.196581197
4.21468	1.367521368
4.21638	1.318681319
4.21808	1.416361416
4.21978	0.9523809524
4.22148	1.343101343
4.22318	1.465201465
4.22488	1.367521368
4.22658	1.318681319
4.22828	1.245421245
4.22998	1.465201465
4.23168	1.538461538
4.23338	1.367521368
4.23508	1.172161172
4.23678	1.855921856
4.23848	1.294261294
4.24018	1.001221001
4.24188	1.440781441
4.24358	0.9523809524
4.24528	1.391941392
4.24698	1.001221001
4.24868	1.245421245
4.25038	1.440781441
4.25208	1.123321123
4.25378	1.440781441
4.25548	0.927960928
4.25718	1.05006105
4.25888	1.025641026
4.26058	0.7326007326
4.26228	1.440781441
4.26398	0.927960928
4.26568	1.196581197
4.26738	1.147741148
4.26908	1.245421245
4.27078	1.391941392
4.27248	1.05006105
4.27418	1.098901099
4.27588	1.123321123
4.27758	1.343101343
4.27928	0.9768009768
4.28098	1.05006105
4.28268	1.343101343
4.28438	1.05006105
4.28608	0.6593406593
4.28778	1.123321123
4.28948	0.9523809524
4.29118	1.416361416
4.29288	0.7326007326
4.29458	1.26984127
4.29628	1.001221001
4.29798	1.025641026
4.29968	0.8547008547
4.30138	1.123321123
4.30308	0.9523809524
4.30478	0.927960928
4.30648	0.8302808303
4.30818	1.001221001
4.30988	1.074481074
4.31158	1.001221001
4.31328	1.025641026
4.31498	1.05006105
4.31668	1.172161172
4.31838	0.8791208791
4.32008	1.05006105
4.32178	1.05006105
4.32348	1.05006105
4.32518	0.8791208791
4.32688	0.8302808303
4.32858	1.245421245
4.33028	0.757020757
4.33198	1.098901099
4.33368	1.074481074
4.33538	0.9035409035
4.33708	1.098901099
4.33878	0.8058608059
4.34048	0.7081807082
4.34218	0.7814407814
4.34388	0.8058608059
4.34558	0.8791208791
4.34728	0.8058608059
4.34898	0.9035409035
4.35068	1.025641026
4.35238	0.8791208791
4.35408	1.025641026
4.35578	0.7814407814
4.35748	1.123321123
4.35918	0.7814407814
4.36088	0.5860805861
4.36258	0.7814407814
4.36428	0.5128205128
4.36598	0.7814407814
4.36768	0.6837606838
4.36938	0.7326007326
4.37108	1.074481074
4.37278	0.9523809524
4.37448	0.7326007326
4.37618	1.098901099
4.37788	1.001221001
4.37958	0.7081807082
4.38128	0.6837606838
4.38298	0.8547008547
4.38468	0.7814407814
4.38638	0.9523809524
4.38808	0.757020757
4.38978	0.9035409035
4.39148	0.8058608059
4.39318	1.196581197
4.39488	0.5128205128
4.39658	0.6593406593
4.39828	0.5128205128
4.39998	0.757020757
4.40168	0.6837606838
4.40338	0.4395604396
4.40508	1.001221001
4.40678	0.7081807082
4.40848	1.05006105
4.41018	0.9035409035
4.41188	0.7326007326
4.41358	0.757020757
4.41528	0.7081807082
4.41698	0.7081807082
4.41868	0.9035409035
4.42038	0.4395604396
4.42208	0.4151404151
4.42378	1.001221001
4.42548	1.074481074
4.42718	0.1465201465
4.42888	0.7081807082
4.43058	0.8058608059
4.43228	0.4884004884
4.43398	0.6105006105
4.43568	0.6593406593
4.43738	0.757020757
4.43908	0.463980464
4.44078	0.5616605617
4.44248	0.5372405372
4.44418	0.3663003663
4.44588	0.4151404151
4.44758	0.4395604396
4.44928	0.7081807082
4.45098	0.5860805861
4.45268	0.8547008547
4.45438	0.463980464
4.45608	0.5372405372
4.45778	0.4884004884
4.45948	0.6349206349
4.46118	0.3174603175
4.46288	0.5128205128
4.46458	0.8547008547
4.46628	0.927960928
4.46798	0.4884004884
4.46968	0.1709401709
4.47138	0.6349206349
4.47308	0.6349206349
4.47478	0.7326007326
4.47648	0.293040293
4.47818	0.5128205128
4.47988	0.3418803419
4.48158	0.1465201465
4.48328	0.6105006105
4.48498	0.5372405372
4.48668	0.7814407814
4.48838	0.7326007326
4.49008	0.2197802198
4.49178	0.6593406593
4.49348	0.6349206349
4.49518	0.3663003663
4.49688	0.463980464
4.49858	0.6105006105
4.50028	0.4395604396
4.50198	0.1953601954
4.50368	0.5128205128
4.50538	0.5128205128
4.50708	0.5128205128
4.50878	0.5372405372
4.51048	0.5616605617
4.51218	0.4395604396
4.51388	0.5860805861
4.51558	0.293040293
4.51728	0.4395604396
4.51898	0.463980464
4.52068	0.7326007326
4.52238	0.3907203907
4.52408	0.4395604396
4.52578	0.6349206349
4.52748	0.5616605617
4.52918	0.8302808303
4.53088	0.7081807082
4.53258	0.4884004884
4.53428	0.5372405372
4.53598	0.09768009768
4.53768	0.4884004884
4.53938	0.4884004884
4.54108	0.3663003663
4.54278	0.3174603175
4.54448	0.5860805861
4.54618	0.6349206349
4.54788	0.8058608059
4.54958	0.2686202686
4.55128	0.6593406593
4.55298	0.3663003663
4.55468	0.04884004884
4.55638	0.3418803419
4.55808	0.3907203907
4.55978	0.6349206349
4.56148	0.2442002442
4.56318	0.3174603175
4.56488	0.4884004884
4.56658	0.6349206349
4.56828	0.4151404151
4.56998	0.4884004884
4.57168	0.5860805861
4.57338	0.4151404151
4.57508	0.4395604396
4.57678	0.463980464
4.57848	0.293040293
4.58018	0.463980464
4.58188	0.4395604396
4.58358	0.5860805861
4.58528	0.7081807082
4.58698	0.463980464
4.58868	0.7081807082
4.59038	0.463980464
4.59208	0.8791208791
4.59378	0.09768009768
4.59548	0.1953601954
4.59718	0.3907203907
4.59888	0.3418803419
4.60058	0.7081807082
4.60228	0.3174603175
4.60398	0.5860805861
4.60568	0.5128205128
4.60738	0.7081807082
4.60908	0.3418803419
4.61078	0.463980464
4.61248	0.9035409035
4.61418	0.2197802198
4.61588	0.5860805861
4.61758	0.7326007326
4.61928	0.7814407814
4.62098	0.3663003663
4.62268	0.3174603175
4.62438	0.3907203907
4.62608	0.6837606838
4.62778	0.6349206349
4.62948	0.4395604396
4.63118	0.6105006105
4.63288	0.5616605617
4.63458	0.463980464
4.63628	0.3174603175
4.63798	0.5616605617
4.63968	0.6837606838
4.64138	0.757020757
4.64308	0.4395604396
4.64478	0.4395604396
4.64648	0.5860805861
4.64818	0.3418803419
4.64988	0.463980464
4.65158	0.2686202686
4.65328	0.6837606838
4.65498	0.5860805861
4.65668	0.463980464
4.65838	0.4151404151
4.66008	0.8302808303
4.66178	0.3174603175
4.66348	0.6105006105
4.66518	0.6349206349
4.66688	0.8302808303
4.66858	0.5128205128
4.67028	0.5372405372
4.67198	0.7814407814
4.67368	0.5616605617
4.67538	0.3418803419
4.67708	0.463980464
4.67878	0.8791208791
4.68048	0.757020757
4.68218	0.5616605617
4.68388	0.7814407814
4.68558	0.2686202686
4.68728	0.7326007326
4.68898	0.8302808303
4.69068	0.7081807082
4.69238	0.6593406593
4.69408	0.6105006105
4.69578	0.5128205128
4.69748	0.293040293
4.69918	0.3174603175
4.70088	0.757020757
4.70258	0.757020757
4.70428	0.8302808303
4.70598	0.5860805861
4.70768	0.5128205128
4.70938	0.4151404151
4.71108	0.5128205128
4.71278	0.5372405372
4.71448	0.4395604396
4.71618	0.6349206349
4.71788	0.3663003663
4.71958	0.8791208791
4.72128	0.7326007326
4.72298	0.8547008547
4.72468	0.5860805861
4.72638	0.7081807082
4.72808	0.463980464
4.72978	0.3907203907
4.73148	0.6105006105
4.73318	0.4884004884
4.73488	0.7326007326
4.73658	0.5372405372
4.73828	0.6593406593
4.73998	0.7814407814
4.74168	0.6349206349
4.74338	0.8058608059
4.74508	0.7081807082
4.74678	0.7081807082
4.74848	0.6349206349
4.75018	0.3907203907
4.75188	0.6837606838
4.75358	0.5616605617
4.75528	0.6593406593
4.75698	0.5128205128
4.75868	0.6593406593
4.76038	0.8058608059
4.76208	0.8302808303
4.76378	0.8547008547
4.76548	0.3907203907
4.76718	1.196581197
4.76888	1.074481074
4.77058	0.7081807082
4.77228	0.6349206349
4.77398	0.757020757
4.77568	0.927960928
4.77738	0.8302808303
4.77908	0.927960928
4.78078	0.8547008547
4.78248	0.927960928
4.78418	0.8791208791
4.78588	0.3174603175
4.78758	0.6349206349
4.78928	0.927960928
4.79098	0.6349206349
4.79268	0.927960928
4.79438	1.001221001
4.79608	0.9035409035
4.79778	1.098901099
4.79948	1.172161172
4.80118	1.05006105
4.80288	1.001221001
4.80458	1.025641026
4.80628	0.8058608059
4.80798	1.001221001
4.80968	1.098901099
4.81138	0.8302808303
4.81308	0.9035409035
4.81478	1.05006105
4.81648	0.8058608059
4.81818	0.927960928
4.81988	1.147741148
4.82158	1.098901099
4.82328	1.147741148
4.82498	0.8547008547
4.82668	1.025641026
4.82838	0.8302808303
4.83008	0.7326007326
4.83178	1.074481074
4.83348	1.05006105
4.83518	1.367521368
4.83688	0.8791208791
4.83858	0.9768009768
4.84028	1.245421245
4.84198	1.514041514
4.84368	1.318681319
4.84538	0.9523809524
4.84708	1.172161172
4.84878	0.8302808303
4.85048	0.6105006105
4.85218	1.098901099
4.85388	1.001221001
4.85558	1.123321123
4.85728	1.172161172
4.85898	1.245421245
4.86068	1.172161172
4.86238	1.221001221
4.86408	1.514041514
4.86578	0.7814407814
4.86748	1.172161172
4.86918	1.074481074
4.87088	1.05006105
4.87258	1.196581197
4.87428	1.465201465
4.87598	1.514041514
4.87768	1.074481074
4.87938	1.514041514
4.88108	1.294261294
4.88278	0.927960928
4.88448	1.367521368
4.88618	0.7814407814
4.88788	1.221001221
4.88958	1.025641026
4.89128	1.098901099
4.89298	1.074481074
4.89468	1.172161172
4.89638	1.172161172
4.89808	0.9523809524
4.89978	1.318681319
4.90148	1.098901099
4.90318	1.684981685
4.90488	1.343101343
4.90658	1.318681319
4.90828	1.196581197
4.90998	1.147741148
4.91168	1.562881563
4.91338	0.9768009768
4.91508	1.440781441
4.91678	1.318681319
4.91848	1.48962149
4.92018	1.660561661
4.92188	1.196581197
4.92358	1.416361416
4.92528	0.8791208791
4.92698	1.465201465
4.92868	1.196581197
4.93038	1.343101343
4.93208	1.245421245
4.93378	0.9523809524
4.93548	1.440781441
4.93718	1.294261294
4.93888	1.538461538
4.94058	1.343101343
4.94228	1.416361416
4.94398	1.245421245
4.94568	0.9523809524
4.94738	1.221001221
4.94908	1.172161172
4.95078	1.416361416
4.95248	1.465201465
4.95418	1.758241758
4.95588	1.196581197
4.95758	1.465201465
4.95928	1.684981685
4.96098	1.782661783
4.96268	1.318681319
4.96438	1.391941392
4.96608	1.343101343
4.96778	1.098901099
4.96948	1.172161172
4.97118	1.562881563
4.97288	1.367521368
4.97458	1.26984127
4.97628	1.709401709
4.97798	1.221001221
4.97968	1.587301587
4.98138	1.294261294
4.98308	1.343101343
4.98478	0.8058608059
4.98648	1.538461538
4.98818	1.782661783
4.98988	1.391941392
4.99158	1.562881563
4.99328	1.123321123
4.99498	1.196581197
4.99668	1.294261294
4.99838	1.514041514
5.00008	1.416361416
5.00178	1.562881563
5.00348	1.587301587
5.00518	1.172161172
5.00688	1.172161172
5.00858	1.26984127
5.01028	1.48962149
5.01198	1.26984127
5.01368	1.660561661
5.01538	1.684981685
5.01708	1.514041514
5.01878	1.245421245
5.02048	1.855921856
5.02218	1.831501832
5.02388	1.587301587
5.02558	1.660561661
5.02728	1.709401709
5.02898	1.587301587
5.03068	1.416361416
5.03238	1.587301587
5.03408	1.733821734
5.03578	1.538461538
5.03748	1.48962149
5.03918	1.562881563
5.04088	1.587301587
5.04258	1.587301587
5.04428	1.562881563
5.04598	1.660561661
5.04768	1.733821734
5.04938	1.172161172
5.05108	1.807081807
5.05278	1.318681319
5.05448	1.733821734
5.05618	1.636141636
5.05788	1.758241758
5.05958	1.709401709
5.06128	1.562881563
5.06298	1.855921856
5.06468	1.709401709
5.06638	1.831501832
5.06808	1.831501832
5.06978	1.343101343
5.07148	1.391941392
5.07318	1.416361416
5.07488	1.758241758
5.07658	1.587301587
5.07828	2.002442002
5.07998	1.636141636
5.08168	1.587301587
5.08338	1.514041514
5.08508	1.318681319
5.08678	1.807081807
5.08848	1.440781441
5.09018	1.611721612
5.09188	1.48962149
5.09358	1.611721612
5.09528	1.953601954
5.09698	1.465201465
5.09868	1.758241758
5.10038	1.538461538
5.10208	1.416361416
5.10378	1.88034188
5.10548	1.318681319
5.10718	1.660561661
5.10888	1.733821734
5.11058	1.978021978
5.11228	1.88034188
5.11398	1.733821734
5.11568	1.611721612
5.11738	1.587301587
5.11908	2.1001221
5.12078	1.807081807
5.12248	1.611721612
5.12418	1.538461538
5.12588	1.684981685
5.12758	1.562881563
5.12928	1.611721612
5.13098	1.782661783
5.13268	1.587301587
5.13438	1.367521368
5.13608	1.636141636
5.13778	1.782661783
5.13948	1.758241758
5.14118	2.026862027
5.14288	1.807081807
5.14458	1.709401709
5.14628	1.367521368
5.14798	1.465201465
5.14968	1.367521368
5.15138	1.904761905
5.15308	1.758241758
5.15478	1.343101343
5.15648	1.562881563
5.15818	1.684981685
5.15988	1.831501832
5.16158	1.855921856
5.16328	1.48962149
5.16498	1.758241758
5.16668	1.978021978
5.16838	1.684981685
5.17008	1.636141636
5.17178	1.416361416
5.17348	1.636141636
5.17518	1.733821734
5.17688	1.709401709
5.17858	1.929181929
5.18028	1.953601954
5.18198	1.88034188
5.18368	1.88034188
5.18538	1.636141636
5.18708	1.855921856
5.18878	1.782661783
5.19048	1.709401709
5.19218	1.782661783
5.19388	1.88034188
5.19558	1.953601954
5.19728	1.538461538
5.19898	1.88034188
5.20068	1.855921856
5.20238	1.709401709
5.20408	1.26984127
5.20578	1.538461538
5.20748	1.611721612
5.20918	1.733821734
5.21088	1.684981685
5.21258	1.733821734
5.21428	2.148962149
5.21598	1.978021978
5.21768	1.709401709
5.21938	1.807081807
5.22108	1.807081807
5.22278	1.904761905
5.22448	1.611721612
5.22618	1.782661783
5.22788	1.514041514
5.22958	1.48962149
5.23128	1.562881563
5.23298	1.660561661
5.23468	1.88034188
5.23638	1.978021978
5.23808	2.051282051
5.23978	1.953601954
5.24148	1.88034188
5.24318	1.758241758
5.24488	1.636141636
5.24658	1.953601954
5.24828	1.660561661
5.24998	2.051282051
5.25168	2.124542125
5.25338	1.611721612
5.25508	1.88034188
5.25678	2.124542125
5.25848	2.002442002
5.26018	1.758241758
5.26188	1.611721612
5.26358	1.611721612
5.26528	1.782661783
5.26698	1.636141636
5.26868	1.855921856
5.27038	1.684981685
5.27208	1.587301587
5.27378	1.660561661
5.27548	1.953601954
5.27718	1.88034188
5.27888	1.88034188
5.28058	1.978021978
5.28228	2.344322344
5.28398	1.587301587
5.28568	1.611721612
5.28738	1.831501832
5.28908	1.855921856
5.29078	1.587301587
5.29248	1.587301587
5.29418	2.026862027
5.29588	1.978021978
5.29758	1.562881563
5.29928	2.026862027
5.30098	1.782661783
5.30268	2.051282051
5.30438	1.709401709
5.30608	1.709401709
5.30778	2.026862027
5.30948	1.48962149
5.31118	1.831501832
5.31288	1.611721612
5.31458	1.855921856
5.31628	1.807081807
5.31798	1.978021978
5.31968	1.733821734
5.32138	1.733821734
5.32308	1.855921856
5.32478	1.465201465
5.32648	1.562881563
5.32818	1.465201465
5.32988	1.758241758
5.33158	1.514041514
5.33328	1.514041514
5.33498	1.831501832
5.33668	1.855921856
5.33838	1.953601954
5.34008	1.587301587
5.34178	1.88034188
5.34348	1.440781441
5.34518	1.391941392
5.34688	1.709401709
5.34858	1.587301587
5.35028	1.538461538
5.35198	1.733821734
5.35368	1.978021978
5.35538	1.782661783
5.35708	1.514041514
5.35878	2.051282051
5.36048	1.807081807
5.36218	1.733821734
5.36388	1.733821734
5.36558	1.733821734
5.36728	1.660561661
5.36898	1.831501832
5.37068	2.222222222
5.37238	1.807081807
5.37408	2.295482295
5.37578	1.978021978
5.37748	1.758241758
5.37918	1.440781441
5.38088	1.660561661
5.38258	1.636141636
5.38428	1.367521368
5.38598	1.807081807
5.38768	1.294261294
5.38938	1.929181929
5.39108	2.026862027
5.39278	1.953601954
5.39448	2.222222222
5.39618	2.026862027
5.39788	2.026862027
5.39958	1.855921856
5.40128	1.855921856
5.40298	1.88034188
5.40468	1.367521368
5.40638	1.953601954
5.40808	1.709401709
5.40978	1.733821734
5.41148	1.855921856
5.41318	1.782661783
5.41488	1.758241758
5.41658	1.807081807
5.41828	2.002442002
5.41998	1.904761905
5.42168	1.684981685
5.42338	1.123321123
5.42508	1.465201465
5.42678	1.758241758
5.42848	1.758241758
5.43018	1.684981685
5.43188	1.855921856
5.43358	2.002442002
5.43528	1.904761905
5.43698	1.684981685
5.43868	1.733821734
5.44038	1.88034188
5.44208	2.1001221
5.44378	1.416361416
5.44548	1.538461538
5.44718	2.002442002
5.44888	1.391941392
5.45058	1.758241758
5.45228	1.88034188
5.45398	1.929181929
5.45568	1.978021978
5.45738	1.807081807
5.45908	1.660561661
5.46078	2.1001221
5.46248	2.002442002
5.46418	1.709401709
5.46588	1.416361416
5.46758	1.611721612
5.46928	2.173382173
5.47098	1.929181929
5.47268	1.978021978
5.47438	2.002442002
5.47608	1.978021978
5.47778	2.148962149
5.47948	2.002442002
5.48118	1.929181929
5.48288	1.782661783
5.48458	2.026862027
5.48628	1.733821734
5.48798	1.904761905
5.48968	1.684981685
5.49138	2.075702076
5.49308	1.807081807
5.49478	2.026862027
5.49648	2.124542125
5.49818	1.709401709
5.49988	1.684981685
5.50158	1.782661783
5.50328	1.562881563
5.50498	1.465201465
5.50668	1.782661783
5.50838	1.514041514
5.51008	1.733821734
5.51178	2.124542125
5.51348	1.88034188
5.51518	2.1001221
5.51688	2.246642247
5.51858	1.88034188
5.52028	1.562881563
5.52198	1.684981685
5.52368	1.514041514
5.52538	1.929181929
5.52708	1.440781441
5.52878	1.88034188
5.53048	1.733821734
5.53218	1.440781441
5.53388	1.978021978
5.53558	2.075702076
5.53728	1.929181929
5.53898	1.709401709
5.54068	1.953601954
5.54238	1.587301587
5.54408	1.48962149
5.54578	2.026862027
5.54748	2.002442002
5.54918	1.978021978
5.55088	1.782661783
5.55258	1.831501832
5.55428	2.002442002
5.55598	2.051282051
5.55768	2.026862027
5.55938	1.636141636
5.56108	1.831501832
5.56278	1.807081807
5.56448	1.465201465
5.56618	2.026862027
5.56788	1.440781441
5.56958	2.31990232
5.57128	1.782661783
5.57298	1.978021978
5.57468	1.709401709
5.57638	1.807081807
5.57808	1.88034188
5.57978	1.953601954
5.58148	1.855921856
5.58318	2.222222222
5.58488	1.636141636
5.58658	2.002442002
5.58828	1.831501832
5.58998	1.978021978
5.59168	1.391941392
5.59338	2.124542125
5.59508	2.53968254
5.59678	1.953601954
5.59848	1.929181929
5.60018	1.953601954
5.60188	2.246642247
5.60358	1.904761905
5.60528	1.782661783
5.60698	2.051282051
5.60868	1.904761905
5.61038	1.953601954
5.61208	1.514041514
5.61378	1.953601954
5.61548	1.904761905
5.61718	2.075702076
5.61888	2.295482295
5.62058	1.514041514
5.62228	2.271062271
5.62398	1.782661783
5.62568	1.953601954
5.62738	1.733821734
5.62908	1.782661783
5.63078	2.051282051
5.63248	1.855921856
5.63418	2.124542125
5.63588	2.197802198
5.63758	2.246642247
5.63928	1.978021978
5.64098	2.173382173
5.64268	2.246642247
5.64438	1.978021978
5.64608	2.222222222
5.64778	2.148962149
5.64948	2.075702076
5.65118	2.075702076
5.65288	2.393162393
5.65458	2.588522589
5.65628	2.197802198
5.65798	2.197802198
5.65968	1.831501832
5.66138	2.173382173
5.66308	1.953601954
5.66478	2.051282051
5.66648	1.782661783
5.66818	2.1001221
5.66988	2.246642247
5.67158	2.148962149
5.67328	2.173382173
5.67498	2.466422466
5.67668	2.417582418
5.67838	2.173382173
5.68008	1.562881563
5.68178	2.002442002
5.68348	2.026862027
5.68518	2.173382173
5.68688	2.051282051
5.68858	2.173382173
5.69028	2.197802198
5.69198	2.368742369
5.69368	1.636141636
5.69538	2.197802198
5.69708	2.490842491
5.69878	2.1001221
5.70048	2.344322344
5.70218	2.148962149
5.70388	1.807081807
5.70558	1.978021978
5.70728	2.124542125
5.70898	2.026862027
5.71068	1.978021978
5.71238	2.002442002
5.71408	2.075702076
5.71578	2.173382173
5.71748	1.978021978
5.71918	2.026862027
5.72088	2.051282051
5.72258	2.124542125
5.72428	1.953601954
5.72598	2.173382173
5.72768	2.1001221
5.72938	2.466422466
5.73108	2.735042735
5.73278	1.709401709
5.73448	2.075702076
5.73618	2.417582418
5.73788	2.1001221
5.73958	2.124542125
5.74128	1.929181929
5.74298	1.684981685
5.74468	1.684981685
5.74638	1.831501832
5.74808	2.148962149
5.74978	2.148962149
5.75148	2.344322344
5.75318	2.442002442
5.75488	2.197802198
5.75658	2.075702076
5.75828	2.148962149
5.75998	1.782661783
5.76168	2.344322344
5.76338	2.026862027
5.76508	2.148962149
5.76678	1.855921856
5.76848	2.026862027
5.77018	2.295482295
5.77188	2.368742369
5.77358	2.344322344
5.77528	2.148962149
5.77698	2.1001221
5.77868	2.197802198
5.78038	2.1001221
5.78208	2.31990232
5.78378	2.051282051
5.78548	1.978021978
5.78718	2.1001221
5.78888	2.173382173
5.79058	2.490842491
5.79228	1.855921856
5.79398	2.490842491
5.79568	2.148962149
5.79738	2.31990232
5.79908	2.1001221
5.80078	2.051282051
5.80248	1.929181929
5.80418	1.758241758
5.80588	2.442002442
5.80758	2.148962149
5.80928	2.1001221
5.81098	1.904761905
5.81268	2.026862027
5.81438	2.295482295
5.81608	2.393162393
5.81778	2.026862027
5.81948	2.002442002
5.82118	1.929181929
5.82288	1.831501832
5.82458	2.417582418
5.82628	1.807081807
5.82798	2.075702076
5.82968	2.002442002
5.83138	2.295482295
5.83308	2.197802198
5.83478	2.271062271
5.83648	2.31990232
5.83818	2.124542125
5.83988	2.026862027
5.84158	2.246642247
5.84328	2.246642247
5.84498	2.344322344
5.84668	2.026862027
5.84838	2.051282051
5.85008	2.051282051
5.85178	2.490842491
5.85348	1.88034188
5.85518	1.929181929
5.85688	2.53968254
5.85858	2.075702076
5.86028	2.124542125
5.86198	1.953601954
5.86368	2.051282051
5.86538	2.051282051
5.86708	1.807081807
5.86878	2.344322344
5.87048	2.515262515
5.87218	1.953601954
5.87388	2.417582418
5.87558	2.197802198
5.87728	2.490842491
5.87898	2.246642247
5.88068	2.051282051
5.88238	1.88034188
5.88408	1.953601954
5.88578	2.173382173
5.88748	2.026862027
5.88918	2.124542125
5.89088	2.148962149
5.89258	2.222222222
5.89428	2.148962149
5.89598	2.026862027
5.89768	2.417582418
5.89938	1.831501832
5.90108	1.929181929
5.90278	1.929181929
5.90448	2.075702076
5.90618	2.075702076
5.90788	1.904761905
5.90958	2.173382173
5.91128	2.393162393
5.91298	2.710622711
5.91468	1.953601954
5.91638	2.1001221
5.91808	2.271062271
5.91978	2.368742369
5.92148	2.271062271
5.92318	2.197802198
5.92488	2.173382173
5.92658	2.295482295
5.92828	2.075702076
5.92998	2.53968254
5.93168	2.026862027
5.93338	2.148962149
5.93508	2.051282051
5.93678	2.490842491
5.93848	2.417582418
5.94018	2.026862027
5.94188	2.344322344
5.94358	1.978021978
5.94528	1.978021978
5.94698	1.978021978
5.94868	2.759462759
5.95038	2.1001221
5.95208	2.222222222
5.95378	2.246642247
5.95548	2.026862027
5.95718	2.759462759
5.95888	2.002442002
5.96058	2.295482295
5.96228	2.490842491
5.96398	2.148962149
5.96568	2.490842491
5.96738	2.222222222
5.96908	2.295482295
5.97078	2.466422466
5.97248	2.271062271
5.97418	2.246642247
5.97588	2.075702076
5.97758	2.588522589
5.97928	2.148962149
5.98098	1.904761905
5.98268	1.978021978
5.98438	2.124542125
5.98608	2.026862027
5.98778	1.953601954
5.98948	1.953601954
5.99118	2.466422466
5.99288	2.271062271
5.99458	2.197802198
5.99628	2.246642247
5.99798	2.246642247
5.99968	2.124542125
6.00138	2.417582418
6.00308	2.271062271
6.00478	2.246642247
6.00648	1.684981685
6.00818	2.53968254
6.00988	2.1001221
6.01158	2.197802198
6.01328	1.855921856
6.01498	2.246642247
6.01668	2.344322344
6.01838	2.148962149
6.02008	2.051282051
6.02178	2.1001221
6.02348	2.148962149
6.02518	2.173382173
6.02688	2.002442002
6.02858	2.246642247
6.03028	2.466422466
6.03198	2.564102564
6.03368	2.173382173
6.03538	2.246642247
6.03708	2.661782662
6.03878	2.197802198
6.04048	2.417582418
6.04218	2.197802198
6.04388	1.855921856
6.04558	2.442002442
6.04728	2.124542125
6.04898	2.442002442
6.05068	2.466422466
6.05238	2.1001221
6.05408	2.344322344
6.05578	2.051282051
6.05748	2.246642247
6.05918	1.709401709
6.06088	2.197802198
6.06258	2.442002442
6.06428	2.1001221
6.06598	2.173382173
6.06768	2.344322344
6.06938	2.271062271
6.07108	2.1001221
6.07278	2.148962149
6.07448	2.271062271
6.07618	2.1001221
6.07788	2.026862027
6.07958	2.026862027
6.08128	2.271062271
6.08298	2.271062271
6.08468	2.417582418
6.08638	2.442002442
6.08808	2.31990232
6.08978	2.857142857
6.09148	2.173382173
6.09318	2.1001221
6.09488	2.295482295
6.09658	2.222222222
6.09828	2.173382173
6.09998	2.075702076
6.10168	2.124542125
6.10338	2.124542125
6.10508	2.368742369
6.10678	2.271062271
6.10848	2.197802198
6.11018	2.515262515
6.11188	2.442002442
6.11358	2.515262515
6.11528	1.978021978
6.11698	2.31990232
6.11868	2.295482295
6.12038	2.393162393
6.12208	2.31990232
6.12378	1.904761905
6.12548	2.31990232
6.12718	1.660561661
6.12888	2.368742369
6.13058	2.124542125
6.13228	2.124542125
6.13398	2.31990232
6.13568	2.075702076
6.13738	2.295482295
6.13908	1.855921856
6.14078	2.026862027
6.14248	2.197802198
6.14418	2.173382173
6.14588	2.222222222
6.14758	2.026862027
6.14928	2.686202686
6.15098	2.588522589
6.15268	2.295482295
6.15438	2.124542125
6.15608	2.417582418
6.15778	2.710622711
6.15948	1.953601954
6.16118	2.075702076
6.16288	2.124542125
6.16458	2.31990232
6.16628	2.417582418
6.16798	2.124542125
6.16968	2.222222222
6.17138	2.173382173
6.17308	2.1001221
6.17478	2.222222222
6.17648	2.246642247
6.17818	2.197802198
6.17988	2.002442002
6.18158	2.246642247
6.18328	2.124542125
6.18498	2.31990232
6.18668	2.124542125
6.18838	2.466422466
6.19008	2.783882784
6.19178	2.612942613
6.19348	2.637362637
6.19518	2.417582418
6.19688	2.515262515
6.19858	2.417582418
6.20028	2.124542125
6.20198	2.53968254
6.20368	2.051282051
6.20538	2.53968254
6.20708	2.686202686
6.20878	2.637362637
6.21048	2.783882784
6.21218	2.490842491
6.21388	2.31990232
6.21558	2.31990232
6.21728	2.295482295
6.21898	2.148962149
6.22068	2.148962149
6.22238	2.368742369
6.22408	2.148962149
6.22578	2.661782662
6.22748	2.31990232
6.22918	2.466422466
6.23088	2.271062271
6.23258	2.31990232
6.23428	2.295482295
6.23598	2.368742369
6.23768	2.075702076
6.23938	2.026862027
6.24108	2.295482295
6.24278	2.661782662
6.24448	2.417582418
6.24618	2.686202686
6.24788	2.368742369
6.24958	2.637362637
6.25128	2.393162393
6.25298	2.417582418
6.25468	2.051282051
6.25638	2.368742369
6.25808	2.075702076
6.25978	2.222222222
6.26148	2.344322344
6.26318	2.466422466
6.26488	2.173382173
6.26658	2.344322344
6.26828	2.344322344
6.26998	2.588522589
6.27168	2.588522589
6.27338	2.442002442
6.27508	2.344322344
6.27678	2.173382173
6.27848	1.978021978
6.28018	2.222222222
6.28188	2.051282051
6.28358	2.31990232
6.28528	2.417582418
6.28698	2.417582418
6.28868	2.368742369
6.29038	2.905982906
6.29208	2.53968254
6.29378	2.368742369
6.29548	2.124542125
6.29718	2.637362637
6.29888	2.246642247
6.30058	2.197802198
6.30228	2.197802198
6.30398	2.466422466
6.30568	2.222222222
6.30738	1.684981685
6.30908	2.832722833
6.31078	2.31990232
6.31248	2.759462759
6.31418	2.564102564
6.31588	2.173382173
6.31758	2.515262515
6.31928	2.564102564
6.32098	2.222222222
6.32268	2.197802198
6.32438	2.222222222
6.32608	2.417582418
6.32778	2.271062271
6.32948	2.466422466
6.33118	2.515262515
6.33288	2.637362637
6.33458	2.197802198
6.33628	2.368742369
6.33798	2.637362637
6.33968	2.148962149
6.34138	2.1001221
6.34308	2.31990232
6.34478	2.686202686
6.34648	2.417582418
6.34818	2.442002442
6.34988	2.588522589
6.35158	2.612942613
6.35328	2.564102564
6.35498	2.442002442
6.35668	2.197802198
6.35838	2.295482295
6.36008	2.393162393
6.36178	2.051282051
6.36348	2.588522589
6.36518	2.246642247
6.36688	2.271062271
6.36858	2.417582418
6.37028	2.466422466
6.37198	2.612942613
6.37368	2.53968254
6.37538	1.978021978
6.37708	3.101343101
6.37878	2.197802198
6.38048	2.612942613
6.38218	2.735042735
6.38388	2.53968254
6.38558	2.759462759
6.38728	2.735042735
6.38898	2.490842491
6.39068	2.368742369
6.39238	2.735042735
6.39408	2.271062271
6.39578	2.490842491
6.39748	2.686202686
6.39918	2.442002442
6.40088	2.246642247
6.40258	2.417582418
6.40428	2.686202686
6.40598	2.1001221
6.40768	2.53968254
6.40938	2.368742369
6.41108	2.442002442
6.41278	2.31990232
6.41448	2.124542125
6.41618	2.53968254
6.41788	2.368742369
6.41958	2.124542125
6.42128	2.197802198
6.42298	2.466422466
6.42468	2.710622711
6.42638	2.148962149
6.42808	2.466422466
6.42978	2.515262515
6.43148	2.832722833
6.43318	2.466422466
6.43488	2.368742369
6.43658	2.661782662
6.43828	2.417582418
6.43998	2.173382173
6.44168	2.490842491
6.44338	2.295482295
6.44508	2.710622711
6.44678	2.393162393
6.44848	2.53968254
6.45018	2.686202686
6.45188	2.710622711
6.45358	2.222222222
6.45528	2.417582418
6.45698	2.637362637
6.45868	2.53968254
6.46038	2.442002442
6.46208	2.344322344
6.46378	2.222222222
6.46548	2.295482295
6.46718	2.271062271
6.46888	2.857142857
6.47058	2.490842491
6.47228	2.466422466
6.47398	2.490842491
6.47568	2.124542125
6.47738	2.271062271
6.47908	2.368742369
6.48078	2.515262515
6.48248	2.148962149
6.48418	2.53968254
6.48588	2.808302808
6.48758	2.466422466
6.48928	2.417582418
6.49098	2.759462759
6.49268	2.661782662
6.49438	2.637362637
6.49608	2.490842491
6.49778	2.857142857
6.49948	2.393162393
6.50118	2.393162393
6.50288	2.344322344
6.50458	2.661782662
6.50628	2.490842491
6.50798	2.271062271
6.50968	2.515262515
6.51138	2.93040293
6.51308	2.661782662
6.51478	2.295482295
6.51648	2.417582418
6.51818	2.612942613
6.51988	2.417582418
6.52158	2.31990232
6.52328	2.857142857
6.52498	2.612942613
6.52668	2.31990232
6.52838	2.515262515
6.53008	2.53968254
6.53178	2.759462759
6.53348	2.710622711
6.53518	2.759462759
6.53688	2.515262515
6.53858	2.417582418
6.54028	2.442002442
6.54198	2.393162393
6.54368	2.588522589
6.54538	2.564102564
6.54708	2.051282051
6.54878	2.588522589
6.55048	2.417582418
6.55218	2.783882784
6.55388	2.515262515
6.55558	2.222222222
6.55728	2.442002442
6.55898	2.197802198
6.56068	2.588522589
6.56238	2.808302808
6.56408	2.857142857
6.56578	2.637362637
6.56748	2.368742369
6.56918	2.661782662
6.57088	2.637362637
6.57258	2.53968254
6.57428	2.271062271
6.57598	2.442002442
6.57768	2.148962149
6.57938	2.466422466
6.58108	2.344322344
6.58278	2.344322344
6.58448	2.808302808
6.58618	2.490842491
6.58788	2.881562882
6.58958	2.661782662
6.59128	2.857142857
6.59298	2.637362637
6.59468	2.808302808
6.59638	2.417582418
6.59808	2.271062271
6.59978	2.710622711
6.60148	2.1001221
6.60318	2.466422466
6.60488	2.271062271
6.60658	2.466422466
6.60828	2.637362637
6.60998	2.515262515
6.61168	2.759462759
6.61338	2.368742369
6.61508	2.368742369
6.61678	2.612942613
6.61848	2.564102564
6.62018	2.612942613
6.62188	2.295482295
6.62358	2.710622711
6.62528	2.735042735
6.62698	2.588522589
6.62868	2.637362637
6.63038	2.564102564
6.63208	2.564102564
6.63378	2.637362637
6.63548	2.368742369
6.63718	2.466422466
6.63888	2.31990232
6.64058	2.832722833
6.64228	2.490842491
6.64398	2.612942613
6.64568	2.808302808
6.64738	2.564102564
6.64908	2.588522589
6.65078	2.368742369
6.65248	2.515262515
6.65418	2.344322344
6.65588	2.075702076
6.65758	2.271062271
6.65928	2.53968254
6.66098	2.612942613
6.66268	2.1001221
6.66438	2.735042735
6.66608	2.442002442
6.66778	2.271062271
6.66948	2.759462759
6.67118	2.515262515
6.67288	2.808302808
6.67458	2.246642247
6.67628	2.246642247
6.67798	2.393162393
6.67968	2.466422466
6.68138	2.490842491
6.68308	2.271062271
6.68478	2.783882784
6.68648	2.808302808
6.68818	2.564102564
6.68988	2.612942613
6.69158	2.832722833
6.69328	2.31990232
6.69498	2.588522589
6.69668	2.490842491
6.69838	2.344322344
6.70008	2.759462759
6.70178	2.148962149
6.70348	2.735042735
6.70518	2.490842491
6.70688	2.344322344
6.70858	2.466422466
6.71028	2.368742369
6.71198	2.93040293
6.71368	2.612942613
6.71538	2.564102564
6.71708	2.271062271
6.71878	2.588522589
6.72048	2.661782662
6.72218	2.1001221
6.72388	2.295482295
6.72558	2.710622711
6.72728	2.735042735
6.72898	2.564102564
6.73068	2.490842491
6.73238	2.783882784
6.73408	2.295482295
6.73578	2.466422466
6.73748	2.393162393
6.73918	1.953601954
6.74088	2.417582418
6.74258	2.490842491
6.74428	2.661782662
6.74598	2.637362637
6.74768	2.759462759
6.74938	2.368742369
6.75108	2.393162393
6.75278	2.490842491
6.75448	2.173382173
6.75618	2.417582418
6.75788	2.368742369
6.75958	2.271062271
6.76128	2.075702076
6.76298	2.588522589
6.76468	2.710622711
6.76638	2.442002442
6.76808	2.612942613
6.76978	2.344322344
6.77148	2.661782662
6.77318	2.661782662
6.77488	2.368742369
6.77658	2.759462759
6.77828	2.710622711
6.77998	2.53968254
6.78168	2.393162393
6.78338	2.735042735
6.78508	3.076923077
6.78678	2.612942613
6.78848	2.417582418
6.79018	2.515262515
6.79188	2.515262515
6.79358	2.271062271
6.79528	1.953601954
6.79698	2.173382173
6.79868	2.173382173
6.80038	2.588522589
6.80208	2.295482295
6.80378	2.735042735
6.80548	2.344322344
6.80718	2.271062271
6.80888	2.515262515
6.81058	2.393162393
6.81228	2.808302808
6.81398	2.31990232
6.81568	1.978021978
6.81738	2.075702076
6.81908	2.393162393
6.82078	2.295482295
6.82248	2.344322344
6.82418	2.612942613
6.82588	2.53968254
6.82758	2.393162393
6.82928	2.222222222
6.83098	2.148962149
6.83268	2.31990232
6.83438	1.904761905
6.83608	1.831501832
6.83778	2.222222222
6.83948	2.466422466
6.84118	2.1001221
6.84288	2.466422466
6.84458	2.466422466
6.84628	2.368742369
6.84798	2.466422466
6.84968	2.466422466
6.85138	2.515262515
6.85308	2.466422466
6.85478	2.002442002
6.85648	2.197802198
6.85818	2.271062271
6.85988	2.271062271
6.86158	2.612942613
6.86328	1.929181929
6.86498	2.466422466
6.86668	2.442002442
6.86838	2.31990232
6.87008	2.490842491
6.87178	2.417582418
6.87348	2.344322344
6.87518	2.197802198
6.87688	2.31990232
6.87858	2.588522589
6.88028	2.515262515
6.88198	2.564102564
6.88368	2.393162393
6.88538	2.637362637
6.88708	2.417582418
6.88878	2.417582418
6.89048	2.1001221
6.89218	2.417582418
6.89388	2.148962149
6.89558	2.31990232
6.89728	2.246642247
6.89898	2.246642247
6.90068	2.417582418
6.90238	2.588522589
6.90408	2.588522589
6.90578	2.466422466
6.90748	2.368742369
6.90918	2.393162393
6.91088	2.173382173
6.91258	2.808302808
6.91428	2.026862027
6.91598	1.978021978
6.91768	2.368742369
6.91938	2.612942613
6.92108	2.417582418
6.92278	2.026862027
6.92448	2.612942613
6.92618	2.368742369
6.92788	2.148962149
6.92958	2.124542125
6.93128	2.197802198
6.93298	2.466422466
6.93468	1.953601954
6.93638	2.222222222
6.93808	2.588522589
6.93978	2.368742369
6.94148	2.466422466
6.94318	2.368742369
6.94488	2.759462759
6.94658	2.246642247
6.94828	2.246642247
6.94998	2.1001221
6.95168	2.295482295
6.95338	2.31990232
6.95508	1.904761905
6.95678	2.246642247
6.95848	2.271062271
6.96018	2.442002442
6.96188	2.124542125
6.96358	2.466422466
6.96528	2.417582418
6.96698	2.246642247
6.96868	2.271062271
6.97038	2.075702076
6.97208	2.612942613
6.97378	2.075702076
6.97548	2.075702076
6.97718	2.271062271
6.97888	2.53968254
6.98058	2.588522589
6.98228	1.929181929
6.98398	2.759462759
6.98568	2.222222222
6.98738	2.344322344
6.98908	2.173382173
6.99078	2.417582418
6.99248	2.637362637
6.99418	2.295482295
6.99588	2.197802198
6.99758	2.148962149
6.99928	2.124542125
